name,pd_notation
12n_0612_0,"[[9, 1, 10, 24], [2, 6, 3, 5], [4, 13, 5, 14], [6, 22, 7, 21], [17, 9, 18, 8], [10, 20, 11, 19], [12, 16, 13, 15], [14, 3, 15, 4], [16, 1, 17, 2], [23, 18, 24, 19], [20, 12, 21, 11], [22, 8, 23, 7]]"
12n_0612_1,"[[22, 8, 23, 7], [9, 1, 10, 24], [2, 6, 3, 5], [4, 13, 5, 14], [6, 22, 7, 21], [17, 9, 18, 8], [10, 20, 11, 19], [12, 16, 13, 15], [14, 3, 15, 4], [16, 1, 17, 2], [23, 18, 24, 19], [20, 12, 21, 11]]"
12n_0612_2,"[[20, 12, 21, 11], [22, 8, 23, 7], [9, 1, 10, 24], [2, 6, 3, 5], [4, 13, 5, 14], [6, 22, 7, 21], [17, 9, 18, 8], [10, 20, 11, 19], [12, 16, 13, 15], [14, 3, 15, 4], [16, 1, 17, 2], [23, 18, 24, 19]]"
12n_0612_3,"[[23, 18, 24, 19], [20, 12, 21, 11], [22, 8, 23, 7], [9, 1, 10, 24], [2, 6, 3, 5], [4, 13, 5, 14], [6, 22, 7, 21], [17, 9, 18, 8], [10, 20, 11, 19], [12, 16, 13, 15], [14, 3, 15, 4], [16, 1, 17, 2]]"
12n_0612_4,"[[16, 1, 17, 2], [23, 18, 24, 19], [20, 12, 21, 11], [22, 8, 23, 7], [9, 1, 10, 24], [2, 6, 3, 5], [4, 13, 5, 14], [6, 22, 7, 21], [17, 9, 18, 8], [10, 20, 11, 19], [12, 16, 13, 15], [14, 3, 15, 4]]"
12n_0612_5,"[[14, 3, 15, 4], [16, 1, 17, 2], [23, 18, 24, 19], [20, 12, 21, 11], [22, 8, 23, 7], [9, 1, 10, 24], [2, 6, 3, 5], [4, 13, 5, 14], [6, 22, 7, 21], [17, 9, 18, 8], [10, 20, 11, 19], [12, 16, 13, 15]]"
12n_0612_6,"[[12, 16, 13, 15], [14, 3, 15, 4], [16, 1, 17, 2], [23, 18, 24, 19], [20, 12, 21, 11], [22, 8, 23, 7], [9, 1, 10, 24], [2, 6, 3, 5], [4, 13, 5, 14], [6, 22, 7, 21], [17, 9, 18, 8], [10, 20, 11, 19]]"
12n_0612_7,"[[10, 20, 11, 19], [12, 16, 13, 15], [14, 3, 15, 4], [16, 1, 17, 2], [23, 18, 24, 19], [20, 12, 21, 11], [22, 8, 23, 7], [9, 1, 10, 24], [2, 6, 3, 5], [4, 13, 5, 14], [6, 22, 7, 21], [17, 9, 18, 8]]"
12n_0612_8,"[[17, 9, 18, 8], [10, 20, 11, 19], [12, 16, 13, 15], [14, 3, 15, 4], [16, 1, 17, 2], [23, 18, 24, 19], [20, 12, 21, 11], [22, 8, 23, 7], [9, 1, 10, 24], [2, 6, 3, 5], [4, 13, 5, 14], [6, 22, 7, 21]]"
12n_0612_9,"[[6, 22, 7, 21], [17, 9, 18, 8], [10, 20, 11, 19], [12, 16, 13, 15], [14, 3, 15, 4], [16, 1, 17, 2], [23, 18, 24, 19], [20, 12, 21, 11], [22, 8, 23, 7], [9, 1, 10, 24], [2, 6, 3, 5], [4, 13, 5, 14]]"
12n_0612_10,"[[4, 13, 5, 14], [6, 22, 7, 21], [17, 9, 18, 8], [10, 20, 11, 19], [12, 16, 13, 15], [14, 3, 15, 4], [16, 1, 17, 2], [23, 18, 24, 19], [20, 12, 21, 11], [22, 8, 23, 7], [9, 1, 10, 24], [2, 6, 3, 5]]"
12n_0612_11,"[[2, 6, 3, 5], [4, 13, 5, 14], [6, 22, 7, 21], [17, 9, 18, 8], [10, 20, 11, 19], [12, 16, 13, 15], [14, 3, 15, 4], [16, 1, 17, 2], [23, 18, 24, 19], [20, 12, 21, 11], [22, 8, 23, 7], [9, 1, 10, 24]]"
12n_0612_12,"[[10, 2, 11, 1], [3, 7, 4, 6], [5, 14, 6, 15], [7, 23, 8, 22], [18, 10, 19, 9], [11, 21, 12, 20], [13, 17, 14, 16], [15, 4, 16, 5], [17, 2, 18, 3], [24, 19, 1, 20], [21, 13, 22, 12], [23, 9, 24, 8]]"
12n_0612_13,"[[23, 9, 24, 8], [10, 2, 11, 1], [3, 7, 4, 6], [5, 14, 6, 15], [7, 23, 8, 22], [18, 10, 19, 9], [11, 21, 12, 20], [13, 17, 14, 16], [15, 4, 16, 5], [17, 2, 18, 3], [24, 19, 1, 20], [21, 13, 22, 12]]"
12n_0612_14,"[[21, 13, 22, 12], [23, 9, 24, 8], [10, 2, 11, 1], [3, 7, 4, 6], [5, 14, 6, 15], [7, 23, 8, 22], [18, 10, 19, 9], [11, 21, 12, 20], [13, 17, 14, 16], [15, 4, 16, 5], [17, 2, 18, 3], [24, 19, 1, 20]]"
12n_0612_15,"[[24, 19, 1, 20], [21, 13, 22, 12], [23, 9, 24, 8], [10, 2, 11, 1], [3, 7, 4, 6], [5, 14, 6, 15], [7, 23, 8, 22], [18, 10, 19, 9], [11, 21, 12, 20], [13, 17, 14, 16], [15, 4, 16, 5], [17, 2, 18, 3]]"
12n_0612_16,"[[17, 2, 18, 3], [24, 19, 1, 20], [21, 13, 22, 12], [23, 9, 24, 8], [10, 2, 11, 1], [3, 7, 4, 6], [5, 14, 6, 15], [7, 23, 8, 22], [18, 10, 19, 9], [11, 21, 12, 20], [13, 17, 14, 16], [15, 4, 16, 5]]"
12n_0612_17,"[[15, 4, 16, 5], [17, 2, 18, 3], [24, 19, 1, 20], [21, 13, 22, 12], [23, 9, 24, 8], [10, 2, 11, 1], [3, 7, 4, 6], [5, 14, 6, 15], [7, 23, 8, 22], [18, 10, 19, 9], [11, 21, 12, 20], [13, 17, 14, 16]]"
12n_0612_18,"[[13, 17, 14, 16], [15, 4, 16, 5], [17, 2, 18, 3], [24, 19, 1, 20], [21, 13, 22, 12], [23, 9, 24, 8], [10, 2, 11, 1], [3, 7, 4, 6], [5, 14, 6, 15], [7, 23, 8, 22], [18, 10, 19, 9], [11, 21, 12, 20]]"
12n_0612_19,"[[11, 21, 12, 20], [13, 17, 14, 16], [15, 4, 16, 5], [17, 2, 18, 3], [24, 19, 1, 20], [21, 13, 22, 12], [23, 9, 24, 8], [10, 2, 11, 1], [3, 7, 4, 6], [5, 14, 6, 15], [7, 23, 8, 22], [18, 10, 19, 9]]"
12n_0612_20,"[[18, 10, 19, 9], [11, 21, 12, 20], [13, 17, 14, 16], [15, 4, 16, 5], [17, 2, 18, 3], [24, 19, 1, 20], [21, 13, 22, 12], [23, 9, 24, 8], [10, 2, 11, 1], [3, 7, 4, 6], [5, 14, 6, 15], [7, 23, 8, 22]]"
12n_0612_21,"[[7, 23, 8, 22], [18, 10, 19, 9], [11, 21, 12, 20], [13, 17, 14, 16], [15, 4, 16, 5], [17, 2, 18, 3], [24, 19, 1, 20], [21, 13, 22, 12], [23, 9, 24, 8], [10, 2, 11, 1], [3, 7, 4, 6], [5, 14, 6, 15]]"
12n_0612_22,"[[5, 14, 6, 15], [7, 23, 8, 22], [18, 10, 19, 9], [11, 21, 12, 20], [13, 17, 14, 16], [15, 4, 16, 5], [17, 2, 18, 3], [24, 19, 1, 20], [21, 13, 22, 12], [23, 9, 24, 8], [10, 2, 11, 1], [3, 7, 4, 6]]"
12n_0612_23,"[[3, 7, 4, 6], [5, 14, 6, 15], [7, 23, 8, 22], [18, 10, 19, 9], [11, 21, 12, 20], [13, 17, 14, 16], [15, 4, 16, 5], [17, 2, 18, 3], [24, 19, 1, 20], [21, 13, 22, 12], [23, 9, 24, 8], [10, 2, 11, 1]]"
12n_0612_24,"[[11, 3, 12, 2], [4, 8, 5, 7], [6, 15, 7, 16], [8, 24, 9, 23], [19, 11, 20, 10], [12, 22, 13, 21], [14, 18, 15, 17], [16, 5, 17, 6], [18, 3, 19, 4], [1, 20, 2, 21], [22, 14, 23, 13], [24, 10, 1, 9]]"
12n_0612_25,"[[24, 10, 1, 9], [11, 3, 12, 2], [4, 8, 5, 7], [6, 15, 7, 16], [8, 24, 9, 23], [19, 11, 20, 10], [12, 22, 13, 21], [14, 18, 15, 17], [16, 5, 17, 6], [18, 3, 19, 4], [1, 20, 2, 21], [22, 14, 23, 13]]"
12n_0612_26,"[[22, 14, 23, 13], [24, 10, 1, 9], [11, 3, 12, 2], [4, 8, 5, 7], [6, 15, 7, 16], [8, 24, 9, 23], [19, 11, 20, 10], [12, 22, 13, 21], [14, 18, 15, 17], [16, 5, 17, 6], [18, 3, 19, 4], [1, 20, 2, 21]]"
12n_0612_27,"[[1, 20, 2, 21], [22, 14, 23, 13], [24, 10, 1, 9], [11, 3, 12, 2], [4, 8, 5, 7], [6, 15, 7, 16], [8, 24, 9, 23], [19, 11, 20, 10], [12, 22, 13, 21], [14, 18, 15, 17], [16, 5, 17, 6], [18, 3, 19, 4]]"
12n_0612_28,"[[18, 3, 19, 4], [1, 20, 2, 21], [22, 14, 23, 13], [24, 10, 1, 9], [11, 3, 12, 2], [4, 8, 5, 7], [6, 15, 7, 16], [8, 24, 9, 23], [19, 11, 20, 10], [12, 22, 13, 21], [14, 18, 15, 17], [16, 5, 17, 6]]"
12n_0612_29,"[[16, 5, 17, 6], [18, 3, 19, 4], [1, 20, 2, 21], [22, 14, 23, 13], [24, 10, 1, 9], [11, 3, 12, 2], [4, 8, 5, 7], [6, 15, 7, 16], [8, 24, 9, 23], [19, 11, 20, 10], [12, 22, 13, 21], [14, 18, 15, 17]]"
12n_0612_30,"[[14, 18, 15, 17], [16, 5, 17, 6], [18, 3, 19, 4], [1, 20, 2, 21], [22, 14, 23, 13], [24, 10, 1, 9], [11, 3, 12, 2], [4, 8, 5, 7], [6, 15, 7, 16], [8, 24, 9, 23], [19, 11, 20, 10], [12, 22, 13, 21]]"
12n_0612_31,"[[12, 22, 13, 21], [14, 18, 15, 17], [16, 5, 17, 6], [18, 3, 19, 4], [1, 20, 2, 21], [22, 14, 23, 13], [24, 10, 1, 9], [11, 3, 12, 2], [4, 8, 5, 7], [6, 15, 7, 16], [8, 24, 9, 23], [19, 11, 20, 10]]"
12n_0612_32,"[[19, 11, 20, 10], [12, 22, 13, 21], [14, 18, 15, 17], [16, 5, 17, 6], [18, 3, 19, 4], [1, 20, 2, 21], [22, 14, 23, 13], [24, 10, 1, 9], [11, 3, 12, 2], [4, 8, 5, 7], [6, 15, 7, 16], [8, 24, 9, 23]]"
12n_0612_33,"[[8, 24, 9, 23], [19, 11, 20, 10], [12, 22, 13, 21], [14, 18, 15, 17], [16, 5, 17, 6], [18, 3, 19, 4], [1, 20, 2, 21], [22, 14, 23, 13], [24, 10, 1, 9], [11, 3, 12, 2], [4, 8, 5, 7], [6, 15, 7, 16]]"
12n_0612_34,"[[6, 15, 7, 16], [8, 24, 9, 23], [19, 11, 20, 10], [12, 22, 13, 21], [14, 18, 15, 17], [16, 5, 17, 6], [18, 3, 19, 4], [1, 20, 2, 21], [22, 14, 23, 13], [24, 10, 1, 9], [11, 3, 12, 2], [4, 8, 5, 7]]"
12n_0612_35,"[[4, 8, 5, 7], [6, 15, 7, 16], [8, 24, 9, 23], [19, 11, 20, 10], [12, 22, 13, 21], [14, 18, 15, 17], [16, 5, 17, 6], [18, 3, 19, 4], [1, 20, 2, 21], [22, 14, 23, 13], [24, 10, 1, 9], [11, 3, 12, 2]]"
12n_0612_36,"[[12, 4, 13, 3], [5, 9, 6, 8], [7, 16, 8, 17], [9, 1, 10, 24], [20, 12, 21, 11], [13, 23, 14, 22], [15, 19, 16, 18], [17, 6, 18, 7], [19, 4, 20, 5], [2, 21, 3, 22], [23, 15, 24, 14], [1, 11, 2, 10]]"
12n_0612_37,"[[1, 11, 2, 10], [12, 4, 13, 3], [5, 9, 6, 8], [7, 16, 8, 17], [9, 1, 10, 24], [20, 12, 21, 11], [13, 23, 14, 22], [15, 19, 16, 18], [17, 6, 18, 7], [19, 4, 20, 5], [2, 21, 3, 22], [23, 15, 24, 14]]"
12n_0612_38,"[[23, 15, 24, 14], [1, 11, 2, 10], [12, 4, 13, 3], [5, 9, 6, 8], [7, 16, 8, 17], [9, 1, 10, 24], [20, 12, 21, 11], [13, 23, 14, 22], [15, 19, 16, 18], [17, 6, 18, 7], [19, 4, 20, 5], [2, 21, 3, 22]]"
12n_0612_39,"[[2, 21, 3, 22], [23, 15, 24, 14], [1, 11, 2, 10], [12, 4, 13, 3], [5, 9, 6, 8], [7, 16, 8, 17], [9, 1, 10, 24], [20, 12, 21, 11], [13, 23, 14, 22], [15, 19, 16, 18], [17, 6, 18, 7], [19, 4, 20, 5]]"
12n_0612_40,"[[19, 4, 20, 5], [2, 21, 3, 22], [23, 15, 24, 14], [1, 11, 2, 10], [12, 4, 13, 3], [5, 9, 6, 8], [7, 16, 8, 17], [9, 1, 10, 24], [20, 12, 21, 11], [13, 23, 14, 22], [15, 19, 16, 18], [17, 6, 18, 7]]"
12n_0612_41,"[[17, 6, 18, 7], [19, 4, 20, 5], [2, 21, 3, 22], [23, 15, 24, 14], [1, 11, 2, 10], [12, 4, 13, 3], [5, 9, 6, 8], [7, 16, 8, 17], [9, 1, 10, 24], [20, 12, 21, 11], [13, 23, 14, 22], [15, 19, 16, 18]]"
12n_0612_42,"[[15, 19, 16, 18], [17, 6, 18, 7], [19, 4, 20, 5], [2, 21, 3, 22], [23, 15, 24, 14], [1, 11, 2, 10], [12, 4, 13, 3], [5, 9, 6, 8], [7, 16, 8, 17], [9, 1, 10, 24], [20, 12, 21, 11], [13, 23, 14, 22]]"
12n_0612_43,"[[13, 23, 14, 22], [15, 19, 16, 18], [17, 6, 18, 7], [19, 4, 20, 5], [2, 21, 3, 22], [23, 15, 24, 14], [1, 11, 2, 10], [12, 4, 13, 3], [5, 9, 6, 8], [7, 16, 8, 17], [9, 1, 10, 24], [20, 12, 21, 11]]"
12n_0612_44,"[[20, 12, 21, 11], [13, 23, 14, 22], [15, 19, 16, 18], [17, 6, 18, 7], [19, 4, 20, 5], [2, 21, 3, 22], [23, 15, 24, 14], [1, 11, 2, 10], [12, 4, 13, 3], [5, 9, 6, 8], [7, 16, 8, 17], [9, 1, 10, 24]]"
12n_0612_45,"[[9, 1, 10, 24], [20, 12, 21, 11], [13, 23, 14, 22], [15, 19, 16, 18], [17, 6, 18, 7], [19, 4, 20, 5], [2, 21, 3, 22], [23, 15, 24, 14], [1, 11, 2, 10], [12, 4, 13, 3], [5, 9, 6, 8], [7, 16, 8, 17]]"
12n_0612_46,"[[7, 16, 8, 17], [9, 1, 10, 24], [20, 12, 21, 11], [13, 23, 14, 22], [15, 19, 16, 18], [17, 6, 18, 7], [19, 4, 20, 5], [2, 21, 3, 22], [23, 15, 24, 14], [1, 11, 2, 10], [12, 4, 13, 3], [5, 9, 6, 8]]"
12n_0612_47,"[[5, 9, 6, 8], [7, 16, 8, 17], [9, 1, 10, 24], [20, 12, 21, 11], [13, 23, 14, 22], [15, 19, 16, 18], [17, 6, 18, 7], [19, 4, 20, 5], [2, 21, 3, 22], [23, 15, 24, 14], [1, 11, 2, 10], [12, 4, 13, 3]]"
12n_0612_48,"[[13, 5, 14, 4], [6, 10, 7, 9], [8, 17, 9, 18], [10, 2, 11, 1], [21, 13, 22, 12], [14, 24, 15, 23], [16, 20, 17, 19], [18, 7, 19, 8], [20, 5, 21, 6], [3, 22, 4, 23], [24, 16, 1, 15], [2, 12, 3, 11]]"
12n_0612_49,"[[2, 12, 3, 11], [13, 5, 14, 4], [6, 10, 7, 9], [8, 17, 9, 18], [10, 2, 11, 1], [21, 13, 22, 12], [14, 24, 15, 23], [16, 20, 17, 19], [18, 7, 19, 8], [20, 5, 21, 6], [3, 22, 4, 23], [24, 16, 1, 15]]"
12n_0612_50,"[[24, 16, 1, 15], [2, 12, 3, 11], [13, 5, 14, 4], [6, 10, 7, 9], [8, 17, 9, 18], [10, 2, 11, 1], [21, 13, 22, 12], [14, 24, 15, 23], [16, 20, 17, 19], [18, 7, 19, 8], [20, 5, 21, 6], [3, 22, 4, 23]]"
12n_0612_51,"[[3, 22, 4, 23], [24, 16, 1, 15], [2, 12, 3, 11], [13, 5, 14, 4], [6, 10, 7, 9], [8, 17, 9, 18], [10, 2, 11, 1], [21, 13, 22, 12], [14, 24, 15, 23], [16, 20, 17, 19], [18, 7, 19, 8], [20, 5, 21, 6]]"
12n_0612_52,"[[20, 5, 21, 6], [3, 22, 4, 23], [24, 16, 1, 15], [2, 12, 3, 11], [13, 5, 14, 4], [6, 10, 7, 9], [8, 17, 9, 18], [10, 2, 11, 1], [21, 13, 22, 12], [14, 24, 15, 23], [16, 20, 17, 19], [18, 7, 19, 8]]"
12n_0612_53,"[[18, 7, 19, 8], [20, 5, 21, 6], [3, 22, 4, 23], [24, 16, 1, 15], [2, 12, 3, 11], [13, 5, 14, 4], [6, 10, 7, 9], [8, 17, 9, 18], [10, 2, 11, 1], [21, 13, 22, 12], [14, 24, 15, 23], [16, 20, 17, 19]]"
12n_0612_54,"[[16, 20, 17, 19], [18, 7, 19, 8], [20, 5, 21, 6], [3, 22, 4, 23], [24, 16, 1, 15], [2, 12, 3, 11], [13, 5, 14, 4], [6, 10, 7, 9], [8, 17, 9, 18], [10, 2, 11, 1], [21, 13, 22, 12], [14, 24, 15, 23]]"
12n_0612_55,"[[14, 24, 15, 23], [16, 20, 17, 19], [18, 7, 19, 8], [20, 5, 21, 6], [3, 22, 4, 23], [24, 16, 1, 15], [2, 12, 3, 11], [13, 5, 14, 4], [6, 10, 7, 9], [8, 17, 9, 18], [10, 2, 11, 1], [21, 13, 22, 12]]"
12n_0612_56,"[[21, 13, 22, 12], [14, 24, 15, 23], [16, 20, 17, 19], [18, 7, 19, 8], [20, 5, 21, 6], [3, 22, 4, 23], [24, 16, 1, 15], [2, 12, 3, 11], [13, 5, 14, 4], [6, 10, 7, 9], [8, 17, 9, 18], [10, 2, 11, 1]]"
12n_0612_57,"[[10, 2, 11, 1], [21, 13, 22, 12], [14, 24, 15, 23], [16, 20, 17, 19], [18, 7, 19, 8], [20, 5, 21, 6], [3, 22, 4, 23], [24, 16, 1, 15], [2, 12, 3, 11], [13, 5, 14, 4], [6, 10, 7, 9], [8, 17, 9, 18]]"
12n_0612_58,"[[8, 17, 9, 18], [10, 2, 11, 1], [21, 13, 22, 12], [14, 24, 15, 23], [16, 20, 17, 19], [18, 7, 19, 8], [20, 5, 21, 6], [3, 22, 4, 23], [24, 16, 1, 15], [2, 12, 3, 11], [13, 5, 14, 4], [6, 10, 7, 9]]"
12n_0612_59,"[[6, 10, 7, 9], [8, 17, 9, 18], [10, 2, 11, 1], [21, 13, 22, 12], [14, 24, 15, 23], [16, 20, 17, 19], [18, 7, 19, 8], [20, 5, 21, 6], [3, 22, 4, 23], [24, 16, 1, 15], [2, 12, 3, 11], [13, 5, 14, 4]]"
12n_0612_60,"[[14, 6, 15, 5], [7, 11, 8, 10], [9, 18, 10, 19], [11, 3, 12, 2], [22, 14, 23, 13], [15, 1, 16, 24], [17, 21, 18, 20], [19, 8, 20, 9], [21, 6, 22, 7], [4, 23, 5, 24], [1, 17, 2, 16], [3, 13, 4, 12]]"
12n_0612_61,"[[3, 13, 4, 12], [14, 6, 15, 5], [7, 11, 8, 10], [9, 18, 10, 19], [11, 3, 12, 2], [22, 14, 23, 13], [15, 1, 16, 24], [17, 21, 18, 20], [19, 8, 20, 9], [21, 6, 22, 7], [4, 23, 5, 24], [1, 17, 2, 16]]"
12n_0612_62,"[[1, 17, 2, 16], [3, 13, 4, 12], [14, 6, 15, 5], [7, 11, 8, 10], [9, 18, 10, 19], [11, 3, 12, 2], [22, 14, 23, 13], [15, 1, 16, 24], [17, 21, 18, 20], [19, 8, 20, 9], [21, 6, 22, 7], [4, 23, 5, 24]]"
12n_0612_63,"[[4, 23, 5, 24], [1, 17, 2, 16], [3, 13, 4, 12], [14, 6, 15, 5], [7, 11, 8, 10], [9, 18, 10, 19], [11, 3, 12, 2], [22, 14, 23, 13], [15, 1, 16, 24], [17, 21, 18, 20], [19, 8, 20, 9], [21, 6, 22, 7]]"
12n_0612_64,"[[21, 6, 22, 7], [4, 23, 5, 24], [1, 17, 2, 16], [3, 13, 4, 12], [14, 6, 15, 5], [7, 11, 8, 10], [9, 18, 10, 19], [11, 3, 12, 2], [22, 14, 23, 13], [15, 1, 16, 24], [17, 21, 18, 20], [19, 8, 20, 9]]"
12n_0612_65,"[[19, 8, 20, 9], [21, 6, 22, 7], [4, 23, 5, 24], [1, 17, 2, 16], [3, 13, 4, 12], [14, 6, 15, 5], [7, 11, 8, 10], [9, 18, 10, 19], [11, 3, 12, 2], [22, 14, 23, 13], [15, 1, 16, 24], [17, 21, 18, 20]]"
12n_0612_66,"[[17, 21, 18, 20], [19, 8, 20, 9], [21, 6, 22, 7], [4, 23, 5, 24], [1, 17, 2, 16], [3, 13, 4, 12], [14, 6, 15, 5], [7, 11, 8, 10], [9, 18, 10, 19], [11, 3, 12, 2], [22, 14, 23, 13], [15, 1, 16, 24]]"
12n_0612_67,"[[15, 1, 16, 24], [17, 21, 18, 20], [19, 8, 20, 9], [21, 6, 22, 7], [4, 23, 5, 24], [1, 17, 2, 16], [3, 13, 4, 12], [14, 6, 15, 5], [7, 11, 8, 10], [9, 18, 10, 19], [11, 3, 12, 2], [22, 14, 23, 13]]"
12n_0612_68,"[[22, 14, 23, 13], [15, 1, 16, 24], [17, 21, 18, 20], [19, 8, 20, 9], [21, 6, 22, 7], [4, 23, 5, 24], [1, 17, 2, 16], [3, 13, 4, 12], [14, 6, 15, 5], [7, 11, 8, 10], [9, 18, 10, 19], [11, 3, 12, 2]]"
12n_0612_69,"[[11, 3, 12, 2], [22, 14, 23, 13], [15, 1, 16, 24], [17, 21, 18, 20], [19, 8, 20, 9], [21, 6, 22, 7], [4, 23, 5, 24], [1, 17, 2, 16], [3, 13, 4, 12], [14, 6, 15, 5], [7, 11, 8, 10], [9, 18, 10, 19]]"
12n_0612_70,"[[9, 18, 10, 19], [11, 3, 12, 2], [22, 14, 23, 13], [15, 1, 16, 24], [17, 21, 18, 20], [19, 8, 20, 9], [21, 6, 22, 7], [4, 23, 5, 24], [1, 17, 2, 16], [3, 13, 4, 12], [14, 6, 15, 5], [7, 11, 8, 10]]"
12n_0612_71,"[[7, 11, 8, 10], [9, 18, 10, 19], [11, 3, 12, 2], [22, 14, 23, 13], [15, 1, 16, 24], [17, 21, 18, 20], [19, 8, 20, 9], [21, 6, 22, 7], [4, 23, 5, 24], [1, 17, 2, 16], [3, 13, 4, 12], [14, 6, 15, 5]]"
12n_0612_72,"[[15, 7, 16, 6], [8, 12, 9, 11], [10, 19, 11, 20], [12, 4, 13, 3], [23, 15, 24, 14], [16, 2, 17, 1], [18, 22, 19, 21], [20, 9, 21, 10], [22, 7, 23, 8], [5, 24, 6, 1], [2, 18, 3, 17], [4, 14, 5, 13]]"
12n_0612_73,"[[4, 14, 5, 13], [15, 7, 16, 6], [8, 12, 9, 11], [10, 19, 11, 20], [12, 4, 13, 3], [23, 15, 24, 14], [16, 2, 17, 1], [18, 22, 19, 21], [20, 9, 21, 10], [22, 7, 23, 8], [5, 24, 6, 1], [2, 18, 3, 17]]"
12n_0612_74,"[[2, 18, 3, 17], [4, 14, 5, 13], [15, 7, 16, 6], [8, 12, 9, 11], [10, 19, 11, 20], [12, 4, 13, 3], [23, 15, 24, 14], [16, 2, 17, 1], [18, 22, 19, 21], [20, 9, 21, 10], [22, 7, 23, 8], [5, 24, 6, 1]]"
12n_0612_75,"[[5, 24, 6, 1], [2, 18, 3, 17], [4, 14, 5, 13], [15, 7, 16, 6], [8, 12, 9, 11], [10, 19, 11, 20], [12, 4, 13, 3], [23, 15, 24, 14], [16, 2, 17, 1], [18, 22, 19, 21], [20, 9, 21, 10], [22, 7, 23, 8]]"
12n_0612_76,"[[22, 7, 23, 8], [5, 24, 6, 1], [2, 18, 3, 17], [4, 14, 5, 13], [15, 7, 16, 6], [8, 12, 9, 11], [10, 19, 11, 20], [12, 4, 13, 3], [23, 15, 24, 14], [16, 2, 17, 1], [18, 22, 19, 21], [20, 9, 21, 10]]"
12n_0612_77,"[[20, 9, 21, 10], [22, 7, 23, 8], [5, 24, 6, 1], [2, 18, 3, 17], [4, 14, 5, 13], [15, 7, 16, 6], [8, 12, 9, 11], [10, 19, 11, 20], [12, 4, 13, 3], [23, 15, 24, 14], [16, 2, 17, 1], [18, 22, 19, 21]]"
12n_0612_78,"[[18, 22, 19, 21], [20, 9, 21, 10], [22, 7, 23, 8], [5, 24, 6, 1], [2, 18, 3, 17], [4, 14, 5, 13], [15, 7, 16, 6], [8, 12, 9, 11], [10, 19, 11, 20], [12, 4, 13, 3], [23, 15, 24, 14], [16, 2, 17, 1]]"
12n_0612_79,"[[16, 2, 17, 1], [18, 22, 19, 21], [20, 9, 21, 10], [22, 7, 23, 8], [5, 24, 6, 1], [2, 18, 3, 17], [4, 14, 5, 13], [15, 7, 16, 6], [8, 12, 9, 11], [10, 19, 11, 20], [12, 4, 13, 3], [23, 15, 24, 14]]"
12n_0612_80,"[[23, 15, 24, 14], [16, 2, 17, 1], [18, 22, 19, 21], [20, 9, 21, 10], [22, 7, 23, 8], [5, 24, 6, 1], [2, 18, 3, 17], [4, 14, 5, 13], [15, 7, 16, 6], [8, 12, 9, 11], [10, 19, 11, 20], [12, 4, 13, 3]]"
12n_0612_81,"[[12, 4, 13, 3], [23, 15, 24, 14], [16, 2, 17, 1], [18, 22, 19, 21], [20, 9, 21, 10], [22, 7, 23, 8], [5, 24, 6, 1], [2, 18, 3, 17], [4, 14, 5, 13], [15, 7, 16, 6], [8, 12, 9, 11], [10, 19, 11, 20]]"
12n_0612_82,"[[10, 19, 11, 20], [12, 4, 13, 3], [23, 15, 24, 14], [16, 2, 17, 1], [18, 22, 19, 21], [20, 9, 21, 10], [22, 7, 23, 8], [5, 24, 6, 1], [2, 18, 3, 17], [4, 14, 5, 13], [15, 7, 16, 6], [8, 12, 9, 11]]"
12n_0612_83,"[[8, 12, 9, 11], [10, 19, 11, 20], [12, 4, 13, 3], [23, 15, 24, 14], [16, 2, 17, 1], [18, 22, 19, 21], [20, 9, 21, 10], [22, 7, 23, 8], [5, 24, 6, 1], [2, 18, 3, 17], [4, 14, 5, 13], [15, 7, 16, 6]]"
12n_0612_84,"[[16, 8, 17, 7], [9, 13, 10, 12], [11, 20, 12, 21], [13, 5, 14, 4], [24, 16, 1, 15], [17, 3, 18, 2], [19, 23, 20, 22], [21, 10, 22, 11], [23, 8, 24, 9], [6, 1, 7, 2], [3, 19, 4, 18], [5, 15, 6, 14]]"
12n_0612_85,"[[5, 15, 6, 14], [16, 8, 17, 7], [9, 13, 10, 12], [11, 20, 12, 21], [13, 5, 14, 4], [24, 16, 1, 15], [17, 3, 18, 2], [19, 23, 20, 22], [21, 10, 22, 11], [23, 8, 24, 9], [6, 1, 7, 2], [3, 19, 4, 18]]"
12n_0612_86,"[[3, 19, 4, 18], [5, 15, 6, 14], [16, 8, 17, 7], [9, 13, 10, 12], [11, 20, 12, 21], [13, 5, 14, 4], [24, 16, 1, 15], [17, 3, 18, 2], [19, 23, 20, 22], [21, 10, 22, 11], [23, 8, 24, 9], [6, 1, 7, 2]]"
12n_0612_87,"[[6, 1, 7, 2], [3, 19, 4, 18], [5, 15, 6, 14], [16, 8, 17, 7], [9, 13, 10, 12], [11, 20, 12, 21], [13, 5, 14, 4], [24, 16, 1, 15], [17, 3, 18, 2], [19, 23, 20, 22], [21, 10, 22, 11], [23, 8, 24, 9]]"
12n_0612_88,"[[23, 8, 24, 9], [6, 1, 7, 2], [3, 19, 4, 18], [5, 15, 6, 14], [16, 8, 17, 7], [9, 13, 10, 12], [11, 20, 12, 21], [13, 5, 14, 4], [24, 16, 1, 15], [17, 3, 18, 2], [19, 23, 20, 22], [21, 10, 22, 11]]"
12n_0612_89,"[[21, 10, 22, 11], [23, 8, 24, 9], [6, 1, 7, 2], [3, 19, 4, 18], [5, 15, 6, 14], [16, 8, 17, 7], [9, 13, 10, 12], [11, 20, 12, 21], [13, 5, 14, 4], [24, 16, 1, 15], [17, 3, 18, 2], [19, 23, 20, 22]]"
12n_0612_90,"[[19, 23, 20, 22], [21, 10, 22, 11], [23, 8, 24, 9], [6, 1, 7, 2], [3, 19, 4, 18], [5, 15, 6, 14], [16, 8, 17, 7], [9, 13, 10, 12], [11, 20, 12, 21], [13, 5, 14, 4], [24, 16, 1, 15], [17, 3, 18, 2]]"
12n_0612_91,"[[17, 3, 18, 2], [19, 23, 20, 22], [21, 10, 22, 11], [23, 8, 24, 9], [6, 1, 7, 2], [3, 19, 4, 18], [5, 15, 6, 14], [16, 8, 17, 7], [9, 13, 10, 12], [11, 20, 12, 21], [13, 5, 14, 4], [24, 16, 1, 15]]"
12n_0612_92,"[[24, 16, 1, 15], [17, 3, 18, 2], [19, 23, 20, 22], [21, 10, 22, 11], [23, 8, 24, 9], [6, 1, 7, 2], [3, 19, 4, 18], [5, 15, 6, 14], [16, 8, 17, 7], [9, 13, 10, 12], [11, 20, 12, 21], [13, 5, 14, 4]]"
12n_0612_93,"[[13, 5, 14, 4], [24, 16, 1, 15], [17, 3, 18, 2], [19, 23, 20, 22], [21, 10, 22, 11], [23, 8, 24, 9], [6, 1, 7, 2], [3, 19, 4, 18], [5, 15, 6, 14], [16, 8, 17, 7], [9, 13, 10, 12], [11, 20, 12, 21]]"
12n_0612_94,"[[11, 20, 12, 21], [13, 5, 14, 4], [24, 16, 1, 15], [17, 3, 18, 2], [19, 23, 20, 22], [21, 10, 22, 11], [23, 8, 24, 9], [6, 1, 7, 2], [3, 19, 4, 18], [5, 15, 6, 14], [16, 8, 17, 7], [9, 13, 10, 12]]"
12n_0612_95,"[[9, 13, 10, 12], [11, 20, 12, 21], [13, 5, 14, 4], [24, 16, 1, 15], [17, 3, 18, 2], [19, 23, 20, 22], [21, 10, 22, 11], [23, 8, 24, 9], [6, 1, 7, 2], [3, 19, 4, 18], [5, 15, 6, 14], [16, 8, 17, 7]]"
12n_0612_96,"[[17, 9, 18, 8], [10, 14, 11, 13], [12, 21, 13, 22], [14, 6, 15, 5], [1, 17, 2, 16], [18, 4, 19, 3], [20, 24, 21, 23], [22, 11, 23, 12], [24, 9, 1, 10], [7, 2, 8, 3], [4, 20, 5, 19], [6, 16, 7, 15]]"
12n_0612_97,"[[6, 16, 7, 15], [17, 9, 18, 8], [10, 14, 11, 13], [12, 21, 13, 22], [14, 6, 15, 5], [1, 17, 2, 16], [18, 4, 19, 3], [20, 24, 21, 23], [22, 11, 23, 12], [24, 9, 1, 10], [7, 2, 8, 3], [4, 20, 5, 19]]"
12n_0612_98,"[[4, 20, 5, 19], [6, 16, 7, 15], [17, 9, 18, 8], [10, 14, 11, 13], [12, 21, 13, 22], [14, 6, 15, 5], [1, 17, 2, 16], [18, 4, 19, 3], [20, 24, 21, 23], [22, 11, 23, 12], [24, 9, 1, 10], [7, 2, 8, 3]]"
12n_0612_99,"[[7, 2, 8, 3], [4, 20, 5, 19], [6, 16, 7, 15], [17, 9, 18, 8], [10, 14, 11, 13], [12, 21, 13, 22], [14, 6, 15, 5], [1, 17, 2, 16], [18, 4, 19, 3], [20, 24, 21, 23], [22, 11, 23, 12], [24, 9, 1, 10]]"
12n_0612_100,"[[24, 9, 1, 10], [7, 2, 8, 3], [4, 20, 5, 19], [6, 16, 7, 15], [17, 9, 18, 8], [10, 14, 11, 13], [12, 21, 13, 22], [14, 6, 15, 5], [1, 17, 2, 16], [18, 4, 19, 3], [20, 24, 21, 23], [22, 11, 23, 12]]"
12n_0612_101,"[[22, 11, 23, 12], [24, 9, 1, 10], [7, 2, 8, 3], [4, 20, 5, 19], [6, 16, 7, 15], [17, 9, 18, 8], [10, 14, 11, 13], [12, 21, 13, 22], [14, 6, 15, 5], [1, 17, 2, 16], [18, 4, 19, 3], [20, 24, 21, 23]]"
12n_0612_102,"[[20, 24, 21, 23], [22, 11, 23, 12], [24, 9, 1, 10], [7, 2, 8, 3], [4, 20, 5, 19], [6, 16, 7, 15], [17, 9, 18, 8], [10, 14, 11, 13], [12, 21, 13, 22], [14, 6, 15, 5], [1, 17, 2, 16], [18, 4, 19, 3]]"
12n_0612_103,"[[18, 4, 19, 3], [20, 24, 21, 23], [22, 11, 23, 12], [24, 9, 1, 10], [7, 2, 8, 3], [4, 20, 5, 19], [6, 16, 7, 15], [17, 9, 18, 8], [10, 14, 11, 13], [12, 21, 13, 22], [14, 6, 15, 5], [1, 17, 2, 16]]"
12n_0612_104,"[[1, 17, 2, 16], [18, 4, 19, 3], [20, 24, 21, 23], [22, 11, 23, 12], [24, 9, 1, 10], [7, 2, 8, 3], [4, 20, 5, 19], [6, 16, 7, 15], [17, 9, 18, 8], [10, 14, 11, 13], [12, 21, 13, 22], [14, 6, 15, 5]]"
12n_0612_105,"[[14, 6, 15, 5], [1, 17, 2, 16], [18, 4, 19, 3], [20, 24, 21, 23], [22, 11, 23, 12], [24, 9, 1, 10], [7, 2, 8, 3], [4, 20, 5, 19], [6, 16, 7, 15], [17, 9, 18, 8], [10, 14, 11, 13], [12, 21, 13, 22]]"
12n_0612_106,"[[12, 21, 13, 22], [14, 6, 15, 5], [1, 17, 2, 16], [18, 4, 19, 3], [20, 24, 21, 23], [22, 11, 23, 12], [24, 9, 1, 10], [7, 2, 8, 3], [4, 20, 5, 19], [6, 16, 7, 15], [17, 9, 18, 8], [10, 14, 11, 13]]"
12n_0612_107,"[[10, 14, 11, 13], [12, 21, 13, 22], [14, 6, 15, 5], [1, 17, 2, 16], [18, 4, 19, 3], [20, 24, 21, 23], [22, 11, 23, 12], [24, 9, 1, 10], [7, 2, 8, 3], [4, 20, 5, 19], [6, 16, 7, 15], [17, 9, 18, 8]]"
12n_0612_108,"[[18, 10, 19, 9], [11, 15, 12, 14], [13, 22, 14, 23], [15, 7, 16, 6], [2, 18, 3, 17], [19, 5, 20, 4], [21, 1, 22, 24], [23, 12, 24, 13], [1, 10, 2, 11], [8, 3, 9, 4], [5, 21, 6, 20], [7, 17, 8, 16]]"
12n_0612_109,"[[7, 17, 8, 16], [18, 10, 19, 9], [11, 15, 12, 14], [13, 22, 14, 23], [15, 7, 16, 6], [2, 18, 3, 17], [19, 5, 20, 4], [21, 1, 22, 24], [23, 12, 24, 13], [1, 10, 2, 11], [8, 3, 9, 4], [5, 21, 6, 20]]"
12n_0612_110,"[[5, 21, 6, 20], [7, 17, 8, 16], [18, 10, 19, 9], [11, 15, 12, 14], [13, 22, 14, 23], [15, 7, 16, 6], [2, 18, 3, 17], [19, 5, 20, 4], [21, 1, 22, 24], [23, 12, 24, 13], [1, 10, 2, 11], [8, 3, 9, 4]]"
12n_0612_111,"[[8, 3, 9, 4], [5, 21, 6, 20], [7, 17, 8, 16], [18, 10, 19, 9], [11, 15, 12, 14], [13, 22, 14, 23], [15, 7, 16, 6], [2, 18, 3, 17], [19, 5, 20, 4], [21, 1, 22, 24], [23, 12, 24, 13], [1, 10, 2, 11]]"
12n_0612_112,"[[1, 10, 2, 11], [8, 3, 9, 4], [5, 21, 6, 20], [7, 17, 8, 16], [18, 10, 19, 9], [11, 15, 12, 14], [13, 22, 14, 23], [15, 7, 16, 6], [2, 18, 3, 17], [19, 5, 20, 4], [21, 1, 22, 24], [23, 12, 24, 13]]"
12n_0612_113,"[[23, 12, 24, 13], [1, 10, 2, 11], [8, 3, 9, 4], [5, 21, 6, 20], [7, 17, 8, 16], [18, 10, 19, 9], [11, 15, 12, 14], [13, 22, 14, 23], [15, 7, 16, 6], [2, 18, 3, 17], [19, 5, 20, 4], [21, 1, 22, 24]]"
12n_0612_114,"[[21, 1, 22, 24], [23, 12, 24, 13], [1, 10, 2, 11], [8, 3, 9, 4], [5, 21, 6, 20], [7, 17, 8, 16], [18, 10, 19, 9], [11, 15, 12, 14], [13, 22, 14, 23], [15, 7, 16, 6], [2, 18, 3, 17], [19, 5, 20, 4]]"
12n_0612_115,"[[19, 5, 20, 4], [21, 1, 22, 24], [23, 12, 24, 13], [1, 10, 2, 11], [8, 3, 9, 4], [5, 21, 6, 20], [7, 17, 8, 16], [18, 10, 19, 9], [11, 15, 12, 14], [13, 22, 14, 23], [15, 7, 16, 6], [2, 18, 3, 17]]"
12n_0612_116,"[[2, 18, 3, 17], [19, 5, 20, 4], [21, 1, 22, 24], [23, 12, 24, 13], [1, 10, 2, 11], [8, 3, 9, 4], [5, 21, 6, 20], [7, 17, 8, 16], [18, 10, 19, 9], [11, 15, 12, 14], [13, 22, 14, 23], [15, 7, 16, 6]]"
12n_0612_117,"[[15, 7, 16, 6], [2, 18, 3, 17], [19, 5, 20, 4], [21, 1, 22, 24], [23, 12, 24, 13], [1, 10, 2, 11], [8, 3, 9, 4], [5, 21, 6, 20], [7, 17, 8, 16], [18, 10, 19, 9], [11, 15, 12, 14], [13, 22, 14, 23]]"
12n_0612_118,"[[13, 22, 14, 23], [15, 7, 16, 6], [2, 18, 3, 17], [19, 5, 20, 4], [21, 1, 22, 24], [23, 12, 24, 13], [1, 10, 2, 11], [8, 3, 9, 4], [5, 21, 6, 20], [7, 17, 8, 16], [18, 10, 19, 9], [11, 15, 12, 14]]"
12n_0612_119,"[[11, 15, 12, 14], [13, 22, 14, 23], [15, 7, 16, 6], [2, 18, 3, 17], [19, 5, 20, 4], [21, 1, 22, 24], [23, 12, 24, 13], [1, 10, 2, 11], [8, 3, 9, 4], [5, 21, 6, 20], [7, 17, 8, 16], [18, 10, 19, 9]]"
12n_0612_120,"[[19, 11, 20, 10], [12, 16, 13, 15], [14, 23, 15, 24], [16, 8, 17, 7], [3, 19, 4, 18], [20, 6, 21, 5], [22, 2, 23, 1], [24, 13, 1, 14], [2, 11, 3, 12], [9, 4, 10, 5], [6, 22, 7, 21], [8, 18, 9, 17]]"
12n_0612_121,"[[8, 18, 9, 17], [19, 11, 20, 10], [12, 16, 13, 15], [14, 23, 15, 24], [16, 8, 17, 7], [3, 19, 4, 18], [20, 6, 21, 5], [22, 2, 23, 1], [24, 13, 1, 14], [2, 11, 3, 12], [9, 4, 10, 5], [6, 22, 7, 21]]"
12n_0612_122,"[[6, 22, 7, 21], [8, 18, 9, 17], [19, 11, 20, 10], [12, 16, 13, 15], [14, 23, 15, 24], [16, 8, 17, 7], [3, 19, 4, 18], [20, 6, 21, 5], [22, 2, 23, 1], [24, 13, 1, 14], [2, 11, 3, 12], [9, 4, 10, 5]]"
12n_0612_123,"[[9, 4, 10, 5], [6, 22, 7, 21], [8, 18, 9, 17], [19, 11, 20, 10], [12, 16, 13, 15], [14, 23, 15, 24], [16, 8, 17, 7], [3, 19, 4, 18], [20, 6, 21, 5], [22, 2, 23, 1], [24, 13, 1, 14], [2, 11, 3, 12]]"
12n_0612_124,"[[2, 11, 3, 12], [9, 4, 10, 5], [6, 22, 7, 21], [8, 18, 9, 17], [19, 11, 20, 10], [12, 16, 13, 15], [14, 23, 15, 24], [16, 8, 17, 7], [3, 19, 4, 18], [20, 6, 21, 5], [22, 2, 23, 1], [24, 13, 1, 14]]"
12n_0612_125,"[[24, 13, 1, 14], [2, 11, 3, 12], [9, 4, 10, 5], [6, 22, 7, 21], [8, 18, 9, 17], [19, 11, 20, 10], [12, 16, 13, 15], [14, 23, 15, 24], [16, 8, 17, 7], [3, 19, 4, 18], [20, 6, 21, 5], [22, 2, 23, 1]]"
12n_0612_126,"[[22, 2, 23, 1], [24, 13, 1, 14], [2, 11, 3, 12], [9, 4, 10, 5], [6, 22, 7, 21], [8, 18, 9, 17], [19, 11, 20, 10], [12, 16, 13, 15], [14, 23, 15, 24], [16, 8, 17, 7], [3, 19, 4, 18], [20, 6, 21, 5]]"
12n_0612_127,"[[20, 6, 21, 5], [22, 2, 23, 1], [24, 13, 1, 14], [2, 11, 3, 12], [9, 4, 10, 5], [6, 22, 7, 21], [8, 18, 9, 17], [19, 11, 20, 10], [12, 16, 13, 15], [14, 23, 15, 24], [16, 8, 17, 7], [3, 19, 4, 18]]"
12n_0612_128,"[[3, 19, 4, 18], [20, 6, 21, 5], [22, 2, 23, 1], [24, 13, 1, 14], [2, 11, 3, 12], [9, 4, 10, 5], [6, 22, 7, 21], [8, 18, 9, 17], [19, 11, 20, 10], [12, 16, 13, 15], [14, 23, 15, 24], [16, 8, 17, 7]]"
12n_0612_129,"[[16, 8, 17, 7], [3, 19, 4, 18], [20, 6, 21, 5], [22, 2, 23, 1], [24, 13, 1, 14], [2, 11, 3, 12], [9, 4, 10, 5], [6, 22, 7, 21], [8, 18, 9, 17], [19, 11, 20, 10], [12, 16, 13, 15], [14, 23, 15, 24]]"
12n_0612_130,"[[14, 23, 15, 24], [16, 8, 17, 7], [3, 19, 4, 18], [20, 6, 21, 5], [22, 2, 23, 1], [24, 13, 1, 14], [2, 11, 3, 12], [9, 4, 10, 5], [6, 22, 7, 21], [8, 18, 9, 17], [19, 11, 20, 10], [12, 16, 13, 15]]"
12n_0612_131,"[[12, 16, 13, 15], [14, 23, 15, 24], [16, 8, 17, 7], [3, 19, 4, 18], [20, 6, 21, 5], [22, 2, 23, 1], [24, 13, 1, 14], [2, 11, 3, 12], [9, 4, 10, 5], [6, 22, 7, 21], [8, 18, 9, 17], [19, 11, 20, 10]]"
12n_0612_132,"[[20, 12, 21, 11], [13, 17, 14, 16], [15, 24, 16, 1], [17, 9, 18, 8], [4, 20, 5, 19], [21, 7, 22, 6], [23, 3, 24, 2], [1, 14, 2, 15], [3, 12, 4, 13], [10, 5, 11, 6], [7, 23, 8, 22], [9, 19, 10, 18]]"
12n_0612_133,"[[9, 19, 10, 18], [20, 12, 21, 11], [13, 17, 14, 16], [15, 24, 16, 1], [17, 9, 18, 8], [4, 20, 5, 19], [21, 7, 22, 6], [23, 3, 24, 2], [1, 14, 2, 15], [3, 12, 4, 13], [10, 5, 11, 6], [7, 23, 8, 22]]"
12n_0612_134,"[[7, 23, 8, 22], [9, 19, 10, 18], [20, 12, 21, 11], [13, 17, 14, 16], [15, 24, 16, 1], [17, 9, 18, 8], [4, 20, 5, 19], [21, 7, 22, 6], [23, 3, 24, 2], [1, 14, 2, 15], [3, 12, 4, 13], [10, 5, 11, 6]]"
12n_0612_135,"[[10, 5, 11, 6], [7, 23, 8, 22], [9, 19, 10, 18], [20, 12, 21, 11], [13, 17, 14, 16], [15, 24, 16, 1], [17, 9, 18, 8], [4, 20, 5, 19], [21, 7, 22, 6], [23, 3, 24, 2], [1, 14, 2, 15], [3, 12, 4, 13]]"
12n_0612_136,"[[3, 12, 4, 13], [10, 5, 11, 6], [7, 23, 8, 22], [9, 19, 10, 18], [20, 12, 21, 11], [13, 17, 14, 16], [15, 24, 16, 1], [17, 9, 18, 8], [4, 20, 5, 19], [21, 7, 22, 6], [23, 3, 24, 2], [1, 14, 2, 15]]"
12n_0612_137,"[[1, 14, 2, 15], [3, 12, 4, 13], [10, 5, 11, 6], [7, 23, 8, 22], [9, 19, 10, 18], [20, 12, 21, 11], [13, 17, 14, 16], [15, 24, 16, 1], [17, 9, 18, 8], [4, 20, 5, 19], [21, 7, 22, 6], [23, 3, 24, 2]]"
12n_0612_138,"[[23, 3, 24, 2], [1, 14, 2, 15], [3, 12, 4, 13], [10, 5, 11, 6], [7, 23, 8, 22], [9, 19, 10, 18], [20, 12, 21, 11], [13, 17, 14, 16], [15, 24, 16, 1], [17, 9, 18, 8], [4, 20, 5, 19], [21, 7, 22, 6]]"
12n_0612_139,"[[21, 7, 22, 6], [23, 3, 24, 2], [1, 14, 2, 15], [3, 12, 4, 13], [10, 5, 11, 6], [7, 23, 8, 22], [9, 19, 10, 18], [20, 12, 21, 11], [13, 17, 14, 16], [15, 24, 16, 1], [17, 9, 18, 8], [4, 20, 5, 19]]"
12n_0612_140,"[[4, 20, 5, 19], [21, 7, 22, 6], [23, 3, 24, 2], [1, 14, 2, 15], [3, 12, 4, 13], [10, 5, 11, 6], [7, 23, 8, 22], [9, 19, 10, 18], [20, 12, 21, 11], [13, 17, 14, 16], [15, 24, 16, 1], [17, 9, 18, 8]]"
12n_0612_141,"[[17, 9, 18, 8], [4, 20, 5, 19], [21, 7, 22, 6], [23, 3, 24, 2], [1, 14, 2, 15], [3, 12, 4, 13], [10, 5, 11, 6], [7, 23, 8, 22], [9, 19, 10, 18], [20, 12, 21, 11], [13, 17, 14, 16], [15, 24, 16, 1]]"
12n_0612_142,"[[15, 24, 16, 1], [17, 9, 18, 8], [4, 20, 5, 19], [21, 7, 22, 6], [23, 3, 24, 2], [1, 14, 2, 15], [3, 12, 4, 13], [10, 5, 11, 6], [7, 23, 8, 22], [9, 19, 10, 18], [20, 12, 21, 11], [13, 17, 14, 16]]"
12n_0612_143,"[[13, 17, 14, 16], [15, 24, 16, 1], [17, 9, 18, 8], [4, 20, 5, 19], [21, 7, 22, 6], [23, 3, 24, 2], [1, 14, 2, 15], [3, 12, 4, 13], [10, 5, 11, 6], [7, 23, 8, 22], [9, 19, 10, 18], [20, 12, 21, 11]]"
12n_0612_144,"[[21, 13, 22, 12], [14, 18, 15, 17], [16, 1, 17, 2], [18, 10, 19, 9], [5, 21, 6, 20], [22, 8, 23, 7], [24, 4, 1, 3], [2, 15, 3, 16], [4, 13, 5, 14], [11, 6, 12, 7], [8, 24, 9, 23], [10, 20, 11, 19]]"
12n_0612_145,"[[10, 20, 11, 19], [21, 13, 22, 12], [14, 18, 15, 17], [16, 1, 17, 2], [18, 10, 19, 9], [5, 21, 6, 20], [22, 8, 23, 7], [24, 4, 1, 3], [2, 15, 3, 16], [4, 13, 5, 14], [11, 6, 12, 7], [8, 24, 9, 23]]"
12n_0612_146,"[[8, 24, 9, 23], [10, 20, 11, 19], [21, 13, 22, 12], [14, 18, 15, 17], [16, 1, 17, 2], [18, 10, 19, 9], [5, 21, 6, 20], [22, 8, 23, 7], [24, 4, 1, 3], [2, 15, 3, 16], [4, 13, 5, 14], [11, 6, 12, 7]]"
12n_0612_147,"[[11, 6, 12, 7], [8, 24, 9, 23], [10, 20, 11, 19], [21, 13, 22, 12], [14, 18, 15, 17], [16, 1, 17, 2], [18, 10, 19, 9], [5, 21, 6, 20], [22, 8, 23, 7], [24, 4, 1, 3], [2, 15, 3, 16], [4, 13, 5, 14]]"
12n_0612_148,"[[4, 13, 5, 14], [11, 6, 12, 7], [8, 24, 9, 23], [10, 20, 11, 19], [21, 13, 22, 12], [14, 18, 15, 17], [16, 1, 17, 2], [18, 10, 19, 9], [5, 21, 6, 20], [22, 8, 23, 7], [24, 4, 1, 3], [2, 15, 3, 16]]"
12n_0612_149,"[[2, 15, 3, 16], [4, 13, 5, 14], [11, 6, 12, 7], [8, 24, 9, 23], [10, 20, 11, 19], [21, 13, 22, 12], [14, 18, 15, 17], [16, 1, 17, 2], [18, 10, 19, 9], [5, 21, 6, 20], [22, 8, 23, 7], [24, 4, 1, 3]]"
12n_0612_150,"[[24, 4, 1, 3], [2, 15, 3, 16], [4, 13, 5, 14], [11, 6, 12, 7], [8, 24, 9, 23], [10, 20, 11, 19], [21, 13, 22, 12], [14, 18, 15, 17], [16, 1, 17, 2], [18, 10, 19, 9], [5, 21, 6, 20], [22, 8, 23, 7]]"
12n_0612_151,"[[22, 8, 23, 7], [24, 4, 1, 3], [2, 15, 3, 16], [4, 13, 5, 14], [11, 6, 12, 7], [8, 24, 9, 23], [10, 20, 11, 19], [21, 13, 22, 12], [14, 18, 15, 17], [16, 1, 17, 2], [18, 10, 19, 9], [5, 21, 6, 20]]"
12n_0612_152,"[[5, 21, 6, 20], [22, 8, 23, 7], [24, 4, 1, 3], [2, 15, 3, 16], [4, 13, 5, 14], [11, 6, 12, 7], [8, 24, 9, 23], [10, 20, 11, 19], [21, 13, 22, 12], [14, 18, 15, 17], [16, 1, 17, 2], [18, 10, 19, 9]]"
12n_0612_153,"[[18, 10, 19, 9], [5, 21, 6, 20], [22, 8, 23, 7], [24, 4, 1, 3], [2, 15, 3, 16], [4, 13, 5, 14], [11, 6, 12, 7], [8, 24, 9, 23], [10, 20, 11, 19], [21, 13, 22, 12], [14, 18, 15, 17], [16, 1, 17, 2]]"
12n_0612_154,"[[16, 1, 17, 2], [18, 10, 19, 9], [5, 21, 6, 20], [22, 8, 23, 7], [24, 4, 1, 3], [2, 15, 3, 16], [4, 13, 5, 14], [11, 6, 12, 7], [8, 24, 9, 23], [10, 20, 11, 19], [21, 13, 22, 12], [14, 18, 15, 17]]"
12n_0612_155,"[[14, 18, 15, 17], [16, 1, 17, 2], [18, 10, 19, 9], [5, 21, 6, 20], [22, 8, 23, 7], [24, 4, 1, 3], [2, 15, 3, 16], [4, 13, 5, 14], [11, 6, 12, 7], [8, 24, 9, 23], [10, 20, 11, 19], [21, 13, 22, 12]]"
12n_0612_156,"[[22, 14, 23, 13], [15, 19, 16, 18], [17, 2, 18, 3], [19, 11, 20, 10], [6, 22, 7, 21], [23, 9, 24, 8], [1, 5, 2, 4], [3, 16, 4, 17], [5, 14, 6, 15], [12, 7, 13, 8], [9, 1, 10, 24], [11, 21, 12, 20]]"
12n_0612_157,"[[11, 21, 12, 20], [22, 14, 23, 13], [15, 19, 16, 18], [17, 2, 18, 3], [19, 11, 20, 10], [6, 22, 7, 21], [23, 9, 24, 8], [1, 5, 2, 4], [3, 16, 4, 17], [5, 14, 6, 15], [12, 7, 13, 8], [9, 1, 10, 24]]"
12n_0612_158,"[[9, 1, 10, 24], [11, 21, 12, 20], [22, 14, 23, 13], [15, 19, 16, 18], [17, 2, 18, 3], [19, 11, 20, 10], [6, 22, 7, 21], [23, 9, 24, 8], [1, 5, 2, 4], [3, 16, 4, 17], [5, 14, 6, 15], [12, 7, 13, 8]]"
12n_0612_159,"[[12, 7, 13, 8], [9, 1, 10, 24], [11, 21, 12, 20], [22, 14, 23, 13], [15, 19, 16, 18], [17, 2, 18, 3], [19, 11, 20, 10], [6, 22, 7, 21], [23, 9, 24, 8], [1, 5, 2, 4], [3, 16, 4, 17], [5, 14, 6, 15]]"
12n_0612_160,"[[5, 14, 6, 15], [12, 7, 13, 8], [9, 1, 10, 24], [11, 21, 12, 20], [22, 14, 23, 13], [15, 19, 16, 18], [17, 2, 18, 3], [19, 11, 20, 10], [6, 22, 7, 21], [23, 9, 24, 8], [1, 5, 2, 4], [3, 16, 4, 17]]"
12n_0612_161,"[[3, 16, 4, 17], [5, 14, 6, 15], [12, 7, 13, 8], [9, 1, 10, 24], [11, 21, 12, 20], [22, 14, 23, 13], [15, 19, 16, 18], [17, 2, 18, 3], [19, 11, 20, 10], [6, 22, 7, 21], [23, 9, 24, 8], [1, 5, 2, 4]]"
12n_0612_162,"[[1, 5, 2, 4], [3, 16, 4, 17], [5, 14, 6, 15], [12, 7, 13, 8], [9, 1, 10, 24], [11, 21, 12, 20], [22, 14, 23, 13], [15, 19, 16, 18], [17, 2, 18, 3], [19, 11, 20, 10], [6, 22, 7, 21], [23, 9, 24, 8]]"
12n_0612_163,"[[23, 9, 24, 8], [1, 5, 2, 4], [3, 16, 4, 17], [5, 14, 6, 15], [12, 7, 13, 8], [9, 1, 10, 24], [11, 21, 12, 20], [22, 14, 23, 13], [15, 19, 16, 18], [17, 2, 18, 3], [19, 11, 20, 10], [6, 22, 7, 21]]"
12n_0612_164,"[[6, 22, 7, 21], [23, 9, 24, 8], [1, 5, 2, 4], [3, 16, 4, 17], [5, 14, 6, 15], [12, 7, 13, 8], [9, 1, 10, 24], [11, 21, 12, 20], [22, 14, 23, 13], [15, 19, 16, 18], [17, 2, 18, 3], [19, 11, 20, 10]]"
12n_0612_165,"[[19, 11, 20, 10], [6, 22, 7, 21], [23, 9, 24, 8], [1, 5, 2, 4], [3, 16, 4, 17], [5, 14, 6, 15], [12, 7, 13, 8], [9, 1, 10, 24], [11, 21, 12, 20], [22, 14, 23, 13], [15, 19, 16, 18], [17, 2, 18, 3]]"
12n_0612_166,"[[17, 2, 18, 3], [19, 11, 20, 10], [6, 22, 7, 21], [23, 9, 24, 8], [1, 5, 2, 4], [3, 16, 4, 17], [5, 14, 6, 15], [12, 7, 13, 8], [9, 1, 10, 24], [11, 21, 12, 20], [22, 14, 23, 13], [15, 19, 16, 18]]"
12n_0612_167,"[[15, 19, 16, 18], [17, 2, 18, 3], [19, 11, 20, 10], [6, 22, 7, 21], [23, 9, 24, 8], [1, 5, 2, 4], [3, 16, 4, 17], [5, 14, 6, 15], [12, 7, 13, 8], [9, 1, 10, 24], [11, 21, 12, 20], [22, 14, 23, 13]]"
12n_0612_168,"[[23, 15, 24, 14], [16, 20, 17, 19], [18, 3, 19, 4], [20, 12, 21, 11], [7, 23, 8, 22], [24, 10, 1, 9], [2, 6, 3, 5], [4, 17, 5, 18], [6, 15, 7, 16], [13, 8, 14, 9], [10, 2, 11, 1], [12, 22, 13, 21]]"
12n_0612_169,"[[12, 22, 13, 21], [23, 15, 24, 14], [16, 20, 17, 19], [18, 3, 19, 4], [20, 12, 21, 11], [7, 23, 8, 22], [24, 10, 1, 9], [2, 6, 3, 5], [4, 17, 5, 18], [6, 15, 7, 16], [13, 8, 14, 9], [10, 2, 11, 1]]"
12n_0612_170,"[[10, 2, 11, 1], [12, 22, 13, 21], [23, 15, 24, 14], [16, 20, 17, 19], [18, 3, 19, 4], [20, 12, 21, 11], [7, 23, 8, 22], [24, 10, 1, 9], [2, 6, 3, 5], [4, 17, 5, 18], [6, 15, 7, 16], [13, 8, 14, 9]]"
12n_0612_171,"[[13, 8, 14, 9], [10, 2, 11, 1], [12, 22, 13, 21], [23, 15, 24, 14], [16, 20, 17, 19], [18, 3, 19, 4], [20, 12, 21, 11], [7, 23, 8, 22], [24, 10, 1, 9], [2, 6, 3, 5], [4, 17, 5, 18], [6, 15, 7, 16]]"
12n_0612_172,"[[6, 15, 7, 16], [13, 8, 14, 9], [10, 2, 11, 1], [12, 22, 13, 21], [23, 15, 24, 14], [16, 20, 17, 19], [18, 3, 19, 4], [20, 12, 21, 11], [7, 23, 8, 22], [24, 10, 1, 9], [2, 6, 3, 5], [4, 17, 5, 18]]"
12n_0612_173,"[[4, 17, 5, 18], [6, 15, 7, 16], [13, 8, 14, 9], [10, 2, 11, 1], [12, 22, 13, 21], [23, 15, 24, 14], [16, 20, 17, 19], [18, 3, 19, 4], [20, 12, 21, 11], [7, 23, 8, 22], [24, 10, 1, 9], [2, 6, 3, 5]]"
12n_0612_174,"[[2, 6, 3, 5], [4, 17, 5, 18], [6, 15, 7, 16], [13, 8, 14, 9], [10, 2, 11, 1], [12, 22, 13, 21], [23, 15, 24, 14], [16, 20, 17, 19], [18, 3, 19, 4], [20, 12, 21, 11], [7, 23, 8, 22], [24, 10, 1, 9]]"
12n_0612_175,"[[24, 10, 1, 9], [2, 6, 3, 5], [4, 17, 5, 18], [6, 15, 7, 16], [13, 8, 14, 9], [10, 2, 11, 1], [12, 22, 13, 21], [23, 15, 24, 14], [16, 20, 17, 19], [18, 3, 19, 4], [20, 12, 21, 11], [7, 23, 8, 22]]"
12n_0612_176,"[[7, 23, 8, 22], [24, 10, 1, 9], [2, 6, 3, 5], [4, 17, 5, 18], [6, 15, 7, 16], [13, 8, 14, 9], [10, 2, 11, 1], [12, 22, 13, 21], [23, 15, 24, 14], [16, 20, 17, 19], [18, 3, 19, 4], [20, 12, 21, 11]]"
12n_0612_177,"[[20, 12, 21, 11], [7, 23, 8, 22], [24, 10, 1, 9], [2, 6, 3, 5], [4, 17, 5, 18], [6, 15, 7, 16], [13, 8, 14, 9], [10, 2, 11, 1], [12, 22, 13, 21], [23, 15, 24, 14], [16, 20, 17, 19], [18, 3, 19, 4]]"
12n_0612_178,"[[18, 3, 19, 4], [20, 12, 21, 11], [7, 23, 8, 22], [24, 10, 1, 9], [2, 6, 3, 5], [4, 17, 5, 18], [6, 15, 7, 16], [13, 8, 14, 9], [10, 2, 11, 1], [12, 22, 13, 21], [23, 15, 24, 14], [16, 20, 17, 19]]"
12n_0612_179,"[[16, 20, 17, 19], [18, 3, 19, 4], [20, 12, 21, 11], [7, 23, 8, 22], [24, 10, 1, 9], [2, 6, 3, 5], [4, 17, 5, 18], [6, 15, 7, 16], [13, 8, 14, 9], [10, 2, 11, 1], [12, 22, 13, 21], [23, 15, 24, 14]]"
12n_0612_180,"[[24, 16, 1, 15], [17, 21, 18, 20], [19, 4, 20, 5], [21, 13, 22, 12], [8, 24, 9, 23], [1, 11, 2, 10], [3, 7, 4, 6], [5, 18, 6, 19], [7, 16, 8, 17], [14, 9, 15, 10], [11, 3, 12, 2], [13, 23, 14, 22]]"
12n_0612_181,"[[13, 23, 14, 22], [24, 16, 1, 15], [17, 21, 18, 20], [19, 4, 20, 5], [21, 13, 22, 12], [8, 24, 9, 23], [1, 11, 2, 10], [3, 7, 4, 6], [5, 18, 6, 19], [7, 16, 8, 17], [14, 9, 15, 10], [11, 3, 12, 2]]"
12n_0612_182,"[[11, 3, 12, 2], [13, 23, 14, 22], [24, 16, 1, 15], [17, 21, 18, 20], [19, 4, 20, 5], [21, 13, 22, 12], [8, 24, 9, 23], [1, 11, 2, 10], [3, 7, 4, 6], [5, 18, 6, 19], [7, 16, 8, 17], [14, 9, 15, 10]]"
12n_0612_183,"[[14, 9, 15, 10], [11, 3, 12, 2], [13, 23, 14, 22], [24, 16, 1, 15], [17, 21, 18, 20], [19, 4, 20, 5], [21, 13, 22, 12], [8, 24, 9, 23], [1, 11, 2, 10], [3, 7, 4, 6], [5, 18, 6, 19], [7, 16, 8, 17]]"
12n_0612_184,"[[7, 16, 8, 17], [14, 9, 15, 10], [11, 3, 12, 2], [13, 23, 14, 22], [24, 16, 1, 15], [17, 21, 18, 20], [19, 4, 20, 5], [21, 13, 22, 12], [8, 24, 9, 23], [1, 11, 2, 10], [3, 7, 4, 6], [5, 18, 6, 19]]"
12n_0612_185,"[[5, 18, 6, 19], [7, 16, 8, 17], [14, 9, 15, 10], [11, 3, 12, 2], [13, 23, 14, 22], [24, 16, 1, 15], [17, 21, 18, 20], [19, 4, 20, 5], [21, 13, 22, 12], [8, 24, 9, 23], [1, 11, 2, 10], [3, 7, 4, 6]]"
12n_0612_186,"[[3, 7, 4, 6], [5, 18, 6, 19], [7, 16, 8, 17], [14, 9, 15, 10], [11, 3, 12, 2], [13, 23, 14, 22], [24, 16, 1, 15], [17, 21, 18, 20], [19, 4, 20, 5], [21, 13, 22, 12], [8, 24, 9, 23], [1, 11, 2, 10]]"
12n_0612_187,"[[1, 11, 2, 10], [3, 7, 4, 6], [5, 18, 6, 19], [7, 16, 8, 17], [14, 9, 15, 10], [11, 3, 12, 2], [13, 23, 14, 22], [24, 16, 1, 15], [17, 21, 18, 20], [19, 4, 20, 5], [21, 13, 22, 12], [8, 24, 9, 23]]"
12n_0612_188,"[[8, 24, 9, 23], [1, 11, 2, 10], [3, 7, 4, 6], [5, 18, 6, 19], [7, 16, 8, 17], [14, 9, 15, 10], [11, 3, 12, 2], [13, 23, 14, 22], [24, 16, 1, 15], [17, 21, 18, 20], [19, 4, 20, 5], [21, 13, 22, 12]]"
12n_0612_189,"[[21, 13, 22, 12], [8, 24, 9, 23], [1, 11, 2, 10], [3, 7, 4, 6], [5, 18, 6, 19], [7, 16, 8, 17], [14, 9, 15, 10], [11, 3, 12, 2], [13, 23, 14, 22], [24, 16, 1, 15], [17, 21, 18, 20], [19, 4, 20, 5]]"
12n_0612_190,"[[19, 4, 20, 5], [21, 13, 22, 12], [8, 24, 9, 23], [1, 11, 2, 10], [3, 7, 4, 6], [5, 18, 6, 19], [7, 16, 8, 17], [14, 9, 15, 10], [11, 3, 12, 2], [13, 23, 14, 22], [24, 16, 1, 15], [17, 21, 18, 20]]"
12n_0612_191,"[[17, 21, 18, 20], [19, 4, 20, 5], [21, 13, 22, 12], [8, 24, 9, 23], [1, 11, 2, 10], [3, 7, 4, 6], [5, 18, 6, 19], [7, 16, 8, 17], [14, 9, 15, 10], [11, 3, 12, 2], [13, 23, 14, 22], [24, 16, 1, 15]]"
12n_0612_192,"[[1, 17, 2, 16], [18, 22, 19, 21], [20, 5, 21, 6], [22, 14, 23, 13], [9, 1, 10, 24], [2, 12, 3, 11], [4, 8, 5, 7], [6, 19, 7, 20], [8, 17, 9, 18], [15, 10, 16, 11], [12, 4, 13, 3], [14, 24, 15, 23]]"
12n_0612_193,"[[14, 24, 15, 23], [1, 17, 2, 16], [18, 22, 19, 21], [20, 5, 21, 6], [22, 14, 23, 13], [9, 1, 10, 24], [2, 12, 3, 11], [4, 8, 5, 7], [6, 19, 7, 20], [8, 17, 9, 18], [15, 10, 16, 11], [12, 4, 13, 3]]"
12n_0612_194,"[[12, 4, 13, 3], [14, 24, 15, 23], [1, 17, 2, 16], [18, 22, 19, 21], [20, 5, 21, 6], [22, 14, 23, 13], [9, 1, 10, 24], [2, 12, 3, 11], [4, 8, 5, 7], [6, 19, 7, 20], [8, 17, 9, 18], [15, 10, 16, 11]]"
12n_0612_195,"[[15, 10, 16, 11], [12, 4, 13, 3], [14, 24, 15, 23], [1, 17, 2, 16], [18, 22, 19, 21], [20, 5, 21, 6], [22, 14, 23, 13], [9, 1, 10, 24], [2, 12, 3, 11], [4, 8, 5, 7], [6, 19, 7, 20], [8, 17, 9, 18]]"
12n_0612_196,"[[8, 17, 9, 18], [15, 10, 16, 11], [12, 4, 13, 3], [14, 24, 15, 23], [1, 17, 2, 16], [18, 22, 19, 21], [20, 5, 21, 6], [22, 14, 23, 13], [9, 1, 10, 24], [2, 12, 3, 11], [4, 8, 5, 7], [6, 19, 7, 20]]"
12n_0612_197,"[[6, 19, 7, 20], [8, 17, 9, 18], [15, 10, 16, 11], [12, 4, 13, 3], [14, 24, 15, 23], [1, 17, 2, 16], [18, 22, 19, 21], [20, 5, 21, 6], [22, 14, 23, 13], [9, 1, 10, 24], [2, 12, 3, 11], [4, 8, 5, 7]]"
12n_0612_198,"[[4, 8, 5, 7], [6, 19, 7, 20], [8, 17, 9, 18], [15, 10, 16, 11], [12, 4, 13, 3], [14, 24, 15, 23], [1, 17, 2, 16], [18, 22, 19, 21], [20, 5, 21, 6], [22, 14, 23, 13], [9, 1, 10, 24], [2, 12, 3, 11]]"
12n_0612_199,"[[2, 12, 3, 11], [4, 8, 5, 7], [6, 19, 7, 20], [8, 17, 9, 18], [15, 10, 16, 11], [12, 4, 13, 3], [14, 24, 15, 23], [1, 17, 2, 16], [18, 22, 19, 21], [20, 5, 21, 6], [22, 14, 23, 13], [9, 1, 10, 24]]"
12n_0612_200,"[[9, 1, 10, 24], [2, 12, 3, 11], [4, 8, 5, 7], [6, 19, 7, 20], [8, 17, 9, 18], [15, 10, 16, 11], [12, 4, 13, 3], [14, 24, 15, 23], [1, 17, 2, 16], [18, 22, 19, 21], [20, 5, 21, 6], [22, 14, 23, 13]]"
12n_0612_201,"[[22, 14, 23, 13], [9, 1, 10, 24], [2, 12, 3, 11], [4, 8, 5, 7], [6, 19, 7, 20], [8, 17, 9, 18], [15, 10, 16, 11], [12, 4, 13, 3], [14, 24, 15, 23], [1, 17, 2, 16], [18, 22, 19, 21], [20, 5, 21, 6]]"
12n_0612_202,"[[20, 5, 21, 6], [22, 14, 23, 13], [9, 1, 10, 24], [2, 12, 3, 11], [4, 8, 5, 7], [6, 19, 7, 20], [8, 17, 9, 18], [15, 10, 16, 11], [12, 4, 13, 3], [14, 24, 15, 23], [1, 17, 2, 16], [18, 22, 19, 21]]"
12n_0612_203,"[[18, 22, 19, 21], [20, 5, 21, 6], [22, 14, 23, 13], [9, 1, 10, 24], [2, 12, 3, 11], [4, 8, 5, 7], [6, 19, 7, 20], [8, 17, 9, 18], [15, 10, 16, 11], [12, 4, 13, 3], [14, 24, 15, 23], [1, 17, 2, 16]]"
12n_0612_204,"[[2, 18, 3, 17], [19, 23, 20, 22], [21, 6, 22, 7], [23, 15, 24, 14], [10, 2, 11, 1], [3, 13, 4, 12], [5, 9, 6, 8], [7, 20, 8, 21], [9, 18, 10, 19], [16, 11, 17, 12], [13, 5, 14, 4], [15, 1, 16, 24]]"
12n_0612_205,"[[15, 1, 16, 24], [2, 18, 3, 17], [19, 23, 20, 22], [21, 6, 22, 7], [23, 15, 24, 14], [10, 2, 11, 1], [3, 13, 4, 12], [5, 9, 6, 8], [7, 20, 8, 21], [9, 18, 10, 19], [16, 11, 17, 12], [13, 5, 14, 4]]"
12n_0612_206,"[[13, 5, 14, 4], [15, 1, 16, 24], [2, 18, 3, 17], [19, 23, 20, 22], [21, 6, 22, 7], [23, 15, 24, 14], [10, 2, 11, 1], [3, 13, 4, 12], [5, 9, 6, 8], [7, 20, 8, 21], [9, 18, 10, 19], [16, 11, 17, 12]]"
12n_0612_207,"[[16, 11, 17, 12], [13, 5, 14, 4], [15, 1, 16, 24], [2, 18, 3, 17], [19, 23, 20, 22], [21, 6, 22, 7], [23, 15, 24, 14], [10, 2, 11, 1], [3, 13, 4, 12], [5, 9, 6, 8], [7, 20, 8, 21], [9, 18, 10, 19]]"
12n_0612_208,"[[9, 18, 10, 19], [16, 11, 17, 12], [13, 5, 14, 4], [15, 1, 16, 24], [2, 18, 3, 17], [19, 23, 20, 22], [21, 6, 22, 7], [23, 15, 24, 14], [10, 2, 11, 1], [3, 13, 4, 12], [5, 9, 6, 8], [7, 20, 8, 21]]"
12n_0612_209,"[[7, 20, 8, 21], [9, 18, 10, 19], [16, 11, 17, 12], [13, 5, 14, 4], [15, 1, 16, 24], [2, 18, 3, 17], [19, 23, 20, 22], [21, 6, 22, 7], [23, 15, 24, 14], [10, 2, 11, 1], [3, 13, 4, 12], [5, 9, 6, 8]]"
12n_0612_210,"[[5, 9, 6, 8], [7, 20, 8, 21], [9, 18, 10, 19], [16, 11, 17, 12], [13, 5, 14, 4], [15, 1, 16, 24], [2, 18, 3, 17], [19, 23, 20, 22], [21, 6, 22, 7], [23, 15, 24, 14], [10, 2, 11, 1], [3, 13, 4, 12]]"
12n_0612_211,"[[3, 13, 4, 12], [5, 9, 6, 8], [7, 20, 8, 21], [9, 18, 10, 19], [16, 11, 17, 12], [13, 5, 14, 4], [15, 1, 16, 24], [2, 18, 3, 17], [19, 23, 20, 22], [21, 6, 22, 7], [23, 15, 24, 14], [10, 2, 11, 1]]"
12n_0612_212,"[[10, 2, 11, 1], [3, 13, 4, 12], [5, 9, 6, 8], [7, 20, 8, 21], [9, 18, 10, 19], [16, 11, 17, 12], [13, 5, 14, 4], [15, 1, 16, 24], [2, 18, 3, 17], [19, 23, 20, 22], [21, 6, 22, 7], [23, 15, 24, 14]]"
12n_0612_213,"[[23, 15, 24, 14], [10, 2, 11, 1], [3, 13, 4, 12], [5, 9, 6, 8], [7, 20, 8, 21], [9, 18, 10, 19], [16, 11, 17, 12], [13, 5, 14, 4], [15, 1, 16, 24], [2, 18, 3, 17], [19, 23, 20, 22], [21, 6, 22, 7]]"
12n_0612_214,"[[21, 6, 22, 7], [23, 15, 24, 14], [10, 2, 11, 1], [3, 13, 4, 12], [5, 9, 6, 8], [7, 20, 8, 21], [9, 18, 10, 19], [16, 11, 17, 12], [13, 5, 14, 4], [15, 1, 16, 24], [2, 18, 3, 17], [19, 23, 20, 22]]"
12n_0612_215,"[[19, 23, 20, 22], [21, 6, 22, 7], [23, 15, 24, 14], [10, 2, 11, 1], [3, 13, 4, 12], [5, 9, 6, 8], [7, 20, 8, 21], [9, 18, 10, 19], [16, 11, 17, 12], [13, 5, 14, 4], [15, 1, 16, 24], [2, 18, 3, 17]]"
12n_0612_216,"[[3, 19, 4, 18], [20, 24, 21, 23], [22, 7, 23, 8], [24, 16, 1, 15], [11, 3, 12, 2], [4, 14, 5, 13], [6, 10, 7, 9], [8, 21, 9, 22], [10, 19, 11, 20], [17, 12, 18, 13], [14, 6, 15, 5], [16, 2, 17, 1]]"
12n_0612_217,"[[16, 2, 17, 1], [3, 19, 4, 18], [20, 24, 21, 23], [22, 7, 23, 8], [24, 16, 1, 15], [11, 3, 12, 2], [4, 14, 5, 13], [6, 10, 7, 9], [8, 21, 9, 22], [10, 19, 11, 20], [17, 12, 18, 13], [14, 6, 15, 5]]"
12n_0612_218,"[[14, 6, 15, 5], [16, 2, 17, 1], [3, 19, 4, 18], [20, 24, 21, 23], [22, 7, 23, 8], [24, 16, 1, 15], [11, 3, 12, 2], [4, 14, 5, 13], [6, 10, 7, 9], [8, 21, 9, 22], [10, 19, 11, 20], [17, 12, 18, 13]]"
12n_0612_219,"[[17, 12, 18, 13], [14, 6, 15, 5], [16, 2, 17, 1], [3, 19, 4, 18], [20, 24, 21, 23], [22, 7, 23, 8], [24, 16, 1, 15], [11, 3, 12, 2], [4, 14, 5, 13], [6, 10, 7, 9], [8, 21, 9, 22], [10, 19, 11, 20]]"
12n_0612_220,"[[10, 19, 11, 20], [17, 12, 18, 13], [14, 6, 15, 5], [16, 2, 17, 1], [3, 19, 4, 18], [20, 24, 21, 23], [22, 7, 23, 8], [24, 16, 1, 15], [11, 3, 12, 2], [4, 14, 5, 13], [6, 10, 7, 9], [8, 21, 9, 22]]"
12n_0612_221,"[[8, 21, 9, 22], [10, 19, 11, 20], [17, 12, 18, 13], [14, 6, 15, 5], [16, 2, 17, 1], [3, 19, 4, 18], [20, 24, 21, 23], [22, 7, 23, 8], [24, 16, 1, 15], [11, 3, 12, 2], [4, 14, 5, 13], [6, 10, 7, 9]]"
12n_0612_222,"[[6, 10, 7, 9], [8, 21, 9, 22], [10, 19, 11, 20], [17, 12, 18, 13], [14, 6, 15, 5], [16, 2, 17, 1], [3, 19, 4, 18], [20, 24, 21, 23], [22, 7, 23, 8], [24, 16, 1, 15], [11, 3, 12, 2], [4, 14, 5, 13]]"
12n_0612_223,"[[4, 14, 5, 13], [6, 10, 7, 9], [8, 21, 9, 22], [10, 19, 11, 20], [17, 12, 18, 13], [14, 6, 15, 5], [16, 2, 17, 1], [3, 19, 4, 18], [20, 24, 21, 23], [22, 7, 23, 8], [24, 16, 1, 15], [11, 3, 12, 2]]"
12n_0612_224,"[[11, 3, 12, 2], [4, 14, 5, 13], [6, 10, 7, 9], [8, 21, 9, 22], [10, 19, 11, 20], [17, 12, 18, 13], [14, 6, 15, 5], [16, 2, 17, 1], [3, 19, 4, 18], [20, 24, 21, 23], [22, 7, 23, 8], [24, 16, 1, 15]]"
12n_0612_225,"[[24, 16, 1, 15], [11, 3, 12, 2], [4, 14, 5, 13], [6, 10, 7, 9], [8, 21, 9, 22], [10, 19, 11, 20], [17, 12, 18, 13], [14, 6, 15, 5], [16, 2, 17, 1], [3, 19, 4, 18], [20, 24, 21, 23], [22, 7, 23, 8]]"
12n_0612_226,"[[22, 7, 23, 8], [24, 16, 1, 15], [11, 3, 12, 2], [4, 14, 5, 13], [6, 10, 7, 9], [8, 21, 9, 22], [10, 19, 11, 20], [17, 12, 18, 13], [14, 6, 15, 5], [16, 2, 17, 1], [3, 19, 4, 18], [20, 24, 21, 23]]"
12n_0612_227,"[[20, 24, 21, 23], [22, 7, 23, 8], [24, 16, 1, 15], [11, 3, 12, 2], [4, 14, 5, 13], [6, 10, 7, 9], [8, 21, 9, 22], [10, 19, 11, 20], [17, 12, 18, 13], [14, 6, 15, 5], [16, 2, 17, 1], [3, 19, 4, 18]]"
12n_0612_228,"[[4, 20, 5, 19], [21, 1, 22, 24], [23, 8, 24, 9], [1, 17, 2, 16], [12, 4, 13, 3], [5, 15, 6, 14], [7, 11, 8, 10], [9, 22, 10, 23], [11, 20, 12, 21], [18, 13, 19, 14], [15, 7, 16, 6], [17, 3, 18, 2]]"
12n_0612_229,"[[17, 3, 18, 2], [4, 20, 5, 19], [21, 1, 22, 24], [23, 8, 24, 9], [1, 17, 2, 16], [12, 4, 13, 3], [5, 15, 6, 14], [7, 11, 8, 10], [9, 22, 10, 23], [11, 20, 12, 21], [18, 13, 19, 14], [15, 7, 16, 6]]"
12n_0612_230,"[[15, 7, 16, 6], [17, 3, 18, 2], [4, 20, 5, 19], [21, 1, 22, 24], [23, 8, 24, 9], [1, 17, 2, 16], [12, 4, 13, 3], [5, 15, 6, 14], [7, 11, 8, 10], [9, 22, 10, 23], [11, 20, 12, 21], [18, 13, 19, 14]]"
12n_0612_231,"[[18, 13, 19, 14], [15, 7, 16, 6], [17, 3, 18, 2], [4, 20, 5, 19], [21, 1, 22, 24], [23, 8, 24, 9], [1, 17, 2, 16], [12, 4, 13, 3], [5, 15, 6, 14], [7, 11, 8, 10], [9, 22, 10, 23], [11, 20, 12, 21]]"
12n_0612_232,"[[11, 20, 12, 21], [18, 13, 19, 14], [15, 7, 16, 6], [17, 3, 18, 2], [4, 20, 5, 19], [21, 1, 22, 24], [23, 8, 24, 9], [1, 17, 2, 16], [12, 4, 13, 3], [5, 15, 6, 14], [7, 11, 8, 10], [9, 22, 10, 23]]"
12n_0612_233,"[[9, 22, 10, 23], [11, 20, 12, 21], [18, 13, 19, 14], [15, 7, 16, 6], [17, 3, 18, 2], [4, 20, 5, 19], [21, 1, 22, 24], [23, 8, 24, 9], [1, 17, 2, 16], [12, 4, 13, 3], [5, 15, 6, 14], [7, 11, 8, 10]]"
12n_0612_234,"[[7, 11, 8, 10], [9, 22, 10, 23], [11, 20, 12, 21], [18, 13, 19, 14], [15, 7, 16, 6], [17, 3, 18, 2], [4, 20, 5, 19], [21, 1, 22, 24], [23, 8, 24, 9], [1, 17, 2, 16], [12, 4, 13, 3], [5, 15, 6, 14]]"
12n_0612_235,"[[5, 15, 6, 14], [7, 11, 8, 10], [9, 22, 10, 23], [11, 20, 12, 21], [18, 13, 19, 14], [15, 7, 16, 6], [17, 3, 18, 2], [4, 20, 5, 19], [21, 1, 22, 24], [23, 8, 24, 9], [1, 17, 2, 16], [12, 4, 13, 3]]"
12n_0612_236,"[[12, 4, 13, 3], [5, 15, 6, 14], [7, 11, 8, 10], [9, 22, 10, 23], [11, 20, 12, 21], [18, 13, 19, 14], [15, 7, 16, 6], [17, 3, 18, 2], [4, 20, 5, 19], [21, 1, 22, 24], [23, 8, 24, 9], [1, 17, 2, 16]]"
12n_0612_237,"[[1, 17, 2, 16], [12, 4, 13, 3], [5, 15, 6, 14], [7, 11, 8, 10], [9, 22, 10, 23], [11, 20, 12, 21], [18, 13, 19, 14], [15, 7, 16, 6], [17, 3, 18, 2], [4, 20, 5, 19], [21, 1, 22, 24], [23, 8, 24, 9]]"
12n_0612_238,"[[23, 8, 24, 9], [1, 17, 2, 16], [12, 4, 13, 3], [5, 15, 6, 14], [7, 11, 8, 10], [9, 22, 10, 23], [11, 20, 12, 21], [18, 13, 19, 14], [15, 7, 16, 6], [17, 3, 18, 2], [4, 20, 5, 19], [21, 1, 22, 24]]"
12n_0612_239,"[[21, 1, 22, 24], [23, 8, 24, 9], [1, 17, 2, 16], [12, 4, 13, 3], [5, 15, 6, 14], [7, 11, 8, 10], [9, 22, 10, 23], [11, 20, 12, 21], [18, 13, 19, 14], [15, 7, 16, 6], [17, 3, 18, 2], [4, 20, 5, 19]]"
12n_0612_240,"[[5, 21, 6, 20], [22, 2, 23, 1], [24, 9, 1, 10], [2, 18, 3, 17], [13, 5, 14, 4], [6, 16, 7, 15], [8, 12, 9, 11], [10, 23, 11, 24], [12, 21, 13, 22], [19, 14, 20, 15], [16, 8, 17, 7], [18, 4, 19, 3]]"
12n_0612_241,"[[18, 4, 19, 3], [5, 21, 6, 20], [22, 2, 23, 1], [24, 9, 1, 10], [2, 18, 3, 17], [13, 5, 14, 4], [6, 16, 7, 15], [8, 12, 9, 11], [10, 23, 11, 24], [12, 21, 13, 22], [19, 14, 20, 15], [16, 8, 17, 7]]"
12n_0612_242,"[[16, 8, 17, 7], [18, 4, 19, 3], [5, 21, 6, 20], [22, 2, 23, 1], [24, 9, 1, 10], [2, 18, 3, 17], [13, 5, 14, 4], [6, 16, 7, 15], [8, 12, 9, 11], [10, 23, 11, 24], [12, 21, 13, 22], [19, 14, 20, 15]]"
12n_0612_243,"[[19, 14, 20, 15], [16, 8, 17, 7], [18, 4, 19, 3], [5, 21, 6, 20], [22, 2, 23, 1], [24, 9, 1, 10], [2, 18, 3, 17], [13, 5, 14, 4], [6, 16, 7, 15], [8, 12, 9, 11], [10, 23, 11, 24], [12, 21, 13, 22]]"
12n_0612_244,"[[12, 21, 13, 22], [19, 14, 20, 15], [16, 8, 17, 7], [18, 4, 19, 3], [5, 21, 6, 20], [22, 2, 23, 1], [24, 9, 1, 10], [2, 18, 3, 17], [13, 5, 14, 4], [6, 16, 7, 15], [8, 12, 9, 11], [10, 23, 11, 24]]"
12n_0612_245,"[[10, 23, 11, 24], [12, 21, 13, 22], [19, 14, 20, 15], [16, 8, 17, 7], [18, 4, 19, 3], [5, 21, 6, 20], [22, 2, 23, 1], [24, 9, 1, 10], [2, 18, 3, 17], [13, 5, 14, 4], [6, 16, 7, 15], [8, 12, 9, 11]]"
12n_0612_246,"[[8, 12, 9, 11], [10, 23, 11, 24], [12, 21, 13, 22], [19, 14, 20, 15], [16, 8, 17, 7], [18, 4, 19, 3], [5, 21, 6, 20], [22, 2, 23, 1], [24, 9, 1, 10], [2, 18, 3, 17], [13, 5, 14, 4], [6, 16, 7, 15]]"
12n_0612_247,"[[6, 16, 7, 15], [8, 12, 9, 11], [10, 23, 11, 24], [12, 21, 13, 22], [19, 14, 20, 15], [16, 8, 17, 7], [18, 4, 19, 3], [5, 21, 6, 20], [22, 2, 23, 1], [24, 9, 1, 10], [2, 18, 3, 17], [13, 5, 14, 4]]"
12n_0612_248,"[[13, 5, 14, 4], [6, 16, 7, 15], [8, 12, 9, 11], [10, 23, 11, 24], [12, 21, 13, 22], [19, 14, 20, 15], [16, 8, 17, 7], [18, 4, 19, 3], [5, 21, 6, 20], [22, 2, 23, 1], [24, 9, 1, 10], [2, 18, 3, 17]]"
12n_0612_249,"[[2, 18, 3, 17], [13, 5, 14, 4], [6, 16, 7, 15], [8, 12, 9, 11], [10, 23, 11, 24], [12, 21, 13, 22], [19, 14, 20, 15], [16, 8, 17, 7], [18, 4, 19, 3], [5, 21, 6, 20], [22, 2, 23, 1], [24, 9, 1, 10]]"
12n_0612_250,"[[24, 9, 1, 10], [2, 18, 3, 17], [13, 5, 14, 4], [6, 16, 7, 15], [8, 12, 9, 11], [10, 23, 11, 24], [12, 21, 13, 22], [19, 14, 20, 15], [16, 8, 17, 7], [18, 4, 19, 3], [5, 21, 6, 20], [22, 2, 23, 1]]"
12n_0612_251,"[[22, 2, 23, 1], [24, 9, 1, 10], [2, 18, 3, 17], [13, 5, 14, 4], [6, 16, 7, 15], [8, 12, 9, 11], [10, 23, 11, 24], [12, 21, 13, 22], [19, 14, 20, 15], [16, 8, 17, 7], [18, 4, 19, 3], [5, 21, 6, 20]]"
12n_0612_252,"[[6, 22, 7, 21], [23, 3, 24, 2], [1, 10, 2, 11], [3, 19, 4, 18], [14, 6, 15, 5], [7, 17, 8, 16], [9, 13, 10, 12], [11, 24, 12, 1], [13, 22, 14, 23], [20, 15, 21, 16], [17, 9, 18, 8], [19, 5, 20, 4]]"
12n_0612_253,"[[19, 5, 20, 4], [6, 22, 7, 21], [23, 3, 24, 2], [1, 10, 2, 11], [3, 19, 4, 18], [14, 6, 15, 5], [7, 17, 8, 16], [9, 13, 10, 12], [11, 24, 12, 1], [13, 22, 14, 23], [20, 15, 21, 16], [17, 9, 18, 8]]"
12n_0612_254,"[[17, 9, 18, 8], [19, 5, 20, 4], [6, 22, 7, 21], [23, 3, 24, 2], [1, 10, 2, 11], [3, 19, 4, 18], [14, 6, 15, 5], [7, 17, 8, 16], [9, 13, 10, 12], [11, 24, 12, 1], [13, 22, 14, 23], [20, 15, 21, 16]]"
12n_0612_255,"[[20, 15, 21, 16], [17, 9, 18, 8], [19, 5, 20, 4], [6, 22, 7, 21], [23, 3, 24, 2], [1, 10, 2, 11], [3, 19, 4, 18], [14, 6, 15, 5], [7, 17, 8, 16], [9, 13, 10, 12], [11, 24, 12, 1], [13, 22, 14, 23]]"
12n_0612_256,"[[13, 22, 14, 23], [20, 15, 21, 16], [17, 9, 18, 8], [19, 5, 20, 4], [6, 22, 7, 21], [23, 3, 24, 2], [1, 10, 2, 11], [3, 19, 4, 18], [14, 6, 15, 5], [7, 17, 8, 16], [9, 13, 10, 12], [11, 24, 12, 1]]"
12n_0612_257,"[[11, 24, 12, 1], [13, 22, 14, 23], [20, 15, 21, 16], [17, 9, 18, 8], [19, 5, 20, 4], [6, 22, 7, 21], [23, 3, 24, 2], [1, 10, 2, 11], [3, 19, 4, 18], [14, 6, 15, 5], [7, 17, 8, 16], [9, 13, 10, 12]]"
12n_0612_258,"[[9, 13, 10, 12], [11, 24, 12, 1], [13, 22, 14, 23], [20, 15, 21, 16], [17, 9, 18, 8], [19, 5, 20, 4], [6, 22, 7, 21], [23, 3, 24, 2], [1, 10, 2, 11], [3, 19, 4, 18], [14, 6, 15, 5], [7, 17, 8, 16]]"
12n_0612_259,"[[7, 17, 8, 16], [9, 13, 10, 12], [11, 24, 12, 1], [13, 22, 14, 23], [20, 15, 21, 16], [17, 9, 18, 8], [19, 5, 20, 4], [6, 22, 7, 21], [23, 3, 24, 2], [1, 10, 2, 11], [3, 19, 4, 18], [14, 6, 15, 5]]"
12n_0612_260,"[[14, 6, 15, 5], [7, 17, 8, 16], [9, 13, 10, 12], [11, 24, 12, 1], [13, 22, 14, 23], [20, 15, 21, 16], [17, 9, 18, 8], [19, 5, 20, 4], [6, 22, 7, 21], [23, 3, 24, 2], [1, 10, 2, 11], [3, 19, 4, 18]]"
12n_0612_261,"[[3, 19, 4, 18], [14, 6, 15, 5], [7, 17, 8, 16], [9, 13, 10, 12], [11, 24, 12, 1], [13, 22, 14, 23], [20, 15, 21, 16], [17, 9, 18, 8], [19, 5, 20, 4], [6, 22, 7, 21], [23, 3, 24, 2], [1, 10, 2, 11]]"
12n_0612_262,"[[1, 10, 2, 11], [3, 19, 4, 18], [14, 6, 15, 5], [7, 17, 8, 16], [9, 13, 10, 12], [11, 24, 12, 1], [13, 22, 14, 23], [20, 15, 21, 16], [17, 9, 18, 8], [19, 5, 20, 4], [6, 22, 7, 21], [23, 3, 24, 2]]"
12n_0612_263,"[[23, 3, 24, 2], [1, 10, 2, 11], [3, 19, 4, 18], [14, 6, 15, 5], [7, 17, 8, 16], [9, 13, 10, 12], [11, 24, 12, 1], [13, 22, 14, 23], [20, 15, 21, 16], [17, 9, 18, 8], [19, 5, 20, 4], [6, 22, 7, 21]]"
12n_0612_264,"[[7, 23, 8, 22], [24, 4, 1, 3], [2, 11, 3, 12], [4, 20, 5, 19], [15, 7, 16, 6], [8, 18, 9, 17], [10, 14, 11, 13], [12, 1, 13, 2], [14, 23, 15, 24], [21, 16, 22, 17], [18, 10, 19, 9], [20, 6, 21, 5]]"
12n_0612_265,"[[20, 6, 21, 5], [7, 23, 8, 22], [24, 4, 1, 3], [2, 11, 3, 12], [4, 20, 5, 19], [15, 7, 16, 6], [8, 18, 9, 17], [10, 14, 11, 13], [12, 1, 13, 2], [14, 23, 15, 24], [21, 16, 22, 17], [18, 10, 19, 9]]"
12n_0612_266,"[[18, 10, 19, 9], [20, 6, 21, 5], [7, 23, 8, 22], [24, 4, 1, 3], [2, 11, 3, 12], [4, 20, 5, 19], [15, 7, 16, 6], [8, 18, 9, 17], [10, 14, 11, 13], [12, 1, 13, 2], [14, 23, 15, 24], [21, 16, 22, 17]]"
12n_0612_267,"[[21, 16, 22, 17], [18, 10, 19, 9], [20, 6, 21, 5], [7, 23, 8, 22], [24, 4, 1, 3], [2, 11, 3, 12], [4, 20, 5, 19], [15, 7, 16, 6], [8, 18, 9, 17], [10, 14, 11, 13], [12, 1, 13, 2], [14, 23, 15, 24]]"
12n_0612_268,"[[14, 23, 15, 24], [21, 16, 22, 17], [18, 10, 19, 9], [20, 6, 21, 5], [7, 23, 8, 22], [24, 4, 1, 3], [2, 11, 3, 12], [4, 20, 5, 19], [15, 7, 16, 6], [8, 18, 9, 17], [10, 14, 11, 13], [12, 1, 13, 2]]"
12n_0612_269,"[[12, 1, 13, 2], [14, 23, 15, 24], [21, 16, 22, 17], [18, 10, 19, 9], [20, 6, 21, 5], [7, 23, 8, 22], [24, 4, 1, 3], [2, 11, 3, 12], [4, 20, 5, 19], [15, 7, 16, 6], [8, 18, 9, 17], [10, 14, 11, 13]]"
12n_0612_270,"[[10, 14, 11, 13], [12, 1, 13, 2], [14, 23, 15, 24], [21, 16, 22, 17], [18, 10, 19, 9], [20, 6, 21, 5], [7, 23, 8, 22], [24, 4, 1, 3], [2, 11, 3, 12], [4, 20, 5, 19], [15, 7, 16, 6], [8, 18, 9, 17]]"
12n_0612_271,"[[8, 18, 9, 17], [10, 14, 11, 13], [12, 1, 13, 2], [14, 23, 15, 24], [21, 16, 22, 17], [18, 10, 19, 9], [20, 6, 21, 5], [7, 23, 8, 22], [24, 4, 1, 3], [2, 11, 3, 12], [4, 20, 5, 19], [15, 7, 16, 6]]"
12n_0612_272,"[[15, 7, 16, 6], [8, 18, 9, 17], [10, 14, 11, 13], [12, 1, 13, 2], [14, 23, 15, 24], [21, 16, 22, 17], [18, 10, 19, 9], [20, 6, 21, 5], [7, 23, 8, 22], [24, 4, 1, 3], [2, 11, 3, 12], [4, 20, 5, 19]]"
12n_0612_273,"[[4, 20, 5, 19], [15, 7, 16, 6], [8, 18, 9, 17], [10, 14, 11, 13], [12, 1, 13, 2], [14, 23, 15, 24], [21, 16, 22, 17], [18, 10, 19, 9], [20, 6, 21, 5], [7, 23, 8, 22], [24, 4, 1, 3], [2, 11, 3, 12]]"
12n_0612_274,"[[2, 11, 3, 12], [4, 20, 5, 19], [15, 7, 16, 6], [8, 18, 9, 17], [10, 14, 11, 13], [12, 1, 13, 2], [14, 23, 15, 24], [21, 16, 22, 17], [18, 10, 19, 9], [20, 6, 21, 5], [7, 23, 8, 22], [24, 4, 1, 3]]"
12n_0612_275,"[[24, 4, 1, 3], [2, 11, 3, 12], [4, 20, 5, 19], [15, 7, 16, 6], [8, 18, 9, 17], [10, 14, 11, 13], [12, 1, 13, 2], [14, 23, 15, 24], [21, 16, 22, 17], [18, 10, 19, 9], [20, 6, 21, 5], [7, 23, 8, 22]]"
12n_0612_276,"[[8, 24, 9, 23], [1, 5, 2, 4], [3, 12, 4, 13], [5, 21, 6, 20], [16, 8, 17, 7], [9, 19, 10, 18], [11, 15, 12, 14], [13, 2, 14, 3], [15, 24, 16, 1], [22, 17, 23, 18], [19, 11, 20, 10], [21, 7, 22, 6]]"
12n_0612_277,"[[21, 7, 22, 6], [8, 24, 9, 23], [1, 5, 2, 4], [3, 12, 4, 13], [5, 21, 6, 20], [16, 8, 17, 7], [9, 19, 10, 18], [11, 15, 12, 14], [13, 2, 14, 3], [15, 24, 16, 1], [22, 17, 23, 18], [19, 11, 20, 10]]"
12n_0612_278,"[[19, 11, 20, 10], [21, 7, 22, 6], [8, 24, 9, 23], [1, 5, 2, 4], [3, 12, 4, 13], [5, 21, 6, 20], [16, 8, 17, 7], [9, 19, 10, 18], [11, 15, 12, 14], [13, 2, 14, 3], [15, 24, 16, 1], [22, 17, 23, 18]]"
12n_0612_279,"[[22, 17, 23, 18], [19, 11, 20, 10], [21, 7, 22, 6], [8, 24, 9, 23], [1, 5, 2, 4], [3, 12, 4, 13], [5, 21, 6, 20], [16, 8, 17, 7], [9, 19, 10, 18], [11, 15, 12, 14], [13, 2, 14, 3], [15, 24, 16, 1]]"
12n_0612_280,"[[15, 24, 16, 1], [22, 17, 23, 18], [19, 11, 20, 10], [21, 7, 22, 6], [8, 24, 9, 23], [1, 5, 2, 4], [3, 12, 4, 13], [5, 21, 6, 20], [16, 8, 17, 7], [9, 19, 10, 18], [11, 15, 12, 14], [13, 2, 14, 3]]"
12n_0612_281,"[[13, 2, 14, 3], [15, 24, 16, 1], [22, 17, 23, 18], [19, 11, 20, 10], [21, 7, 22, 6], [8, 24, 9, 23], [1, 5, 2, 4], [3, 12, 4, 13], [5, 21, 6, 20], [16, 8, 17, 7], [9, 19, 10, 18], [11, 15, 12, 14]]"
12n_0612_282,"[[11, 15, 12, 14], [13, 2, 14, 3], [15, 24, 16, 1], [22, 17, 23, 18], [19, 11, 20, 10], [21, 7, 22, 6], [8, 24, 9, 23], [1, 5, 2, 4], [3, 12, 4, 13], [5, 21, 6, 20], [16, 8, 17, 7], [9, 19, 10, 18]]"
12n_0612_283,"[[9, 19, 10, 18], [11, 15, 12, 14], [13, 2, 14, 3], [15, 24, 16, 1], [22, 17, 23, 18], [19, 11, 20, 10], [21, 7, 22, 6], [8, 24, 9, 23], [1, 5, 2, 4], [3, 12, 4, 13], [5, 21, 6, 20], [16, 8, 17, 7]]"
12n_0612_284,"[[16, 8, 17, 7], [9, 19, 10, 18], [11, 15, 12, 14], [13, 2, 14, 3], [15, 24, 16, 1], [22, 17, 23, 18], [19, 11, 20, 10], [21, 7, 22, 6], [8, 24, 9, 23], [1, 5, 2, 4], [3, 12, 4, 13], [5, 21, 6, 20]]"
12n_0612_285,"[[5, 21, 6, 20], [16, 8, 17, 7], [9, 19, 10, 18], [11, 15, 12, 14], [13, 2, 14, 3], [15, 24, 16, 1], [22, 17, 23, 18], [19, 11, 20, 10], [21, 7, 22, 6], [8, 24, 9, 23], [1, 5, 2, 4], [3, 12, 4, 13]]"
12n_0612_286,"[[3, 12, 4, 13], [5, 21, 6, 20], [16, 8, 17, 7], [9, 19, 10, 18], [11, 15, 12, 14], [13, 2, 14, 3], [15, 24, 16, 1], [22, 17, 23, 18], [19, 11, 20, 10], [21, 7, 22, 6], [8, 24, 9, 23], [1, 5, 2, 4]]"
12n_0612_287,"[[1, 5, 2, 4], [3, 12, 4, 13], [5, 21, 6, 20], [16, 8, 17, 7], [9, 19, 10, 18], [11, 15, 12, 14], [13, 2, 14, 3], [15, 24, 16, 1], [22, 17, 23, 18], [19, 11, 20, 10], [21, 7, 22, 6], [8, 24, 9, 23]]"
12n_0612_reversed_288,"[[24, 22, 1, 21], [17, 3, 18, 2], [4, 20, 5, 19], [6, 16, 7, 15], [3, 8, 4, 9], [10, 1, 11, 2], [12, 23, 13, 24], [14, 12, 15, 11], [16, 8, 17, 7], [9, 19, 10, 18], [20, 6, 21, 5], [22, 13, 23, 14]]"
12n_0612_reversed_289,"[[22, 13, 23, 14], [24, 22, 1, 21], [17, 3, 18, 2], [4, 20, 5, 19], [6, 16, 7, 15], [3, 8, 4, 9], [10, 1, 11, 2], [12, 23, 13, 24], [14, 12, 15, 11], [16, 8, 17, 7], [9, 19, 10, 18], [20, 6, 21, 5]]"
12n_0612_reversed_290,"[[20, 6, 21, 5], [22, 13, 23, 14], [24, 22, 1, 21], [17, 3, 18, 2], [4, 20, 5, 19], [6, 16, 7, 15], [3, 8, 4, 9], [10, 1, 11, 2], [12, 23, 13, 24], [14, 12, 15, 11], [16, 8, 17, 7], [9, 19, 10, 18]]"
12n_0612_reversed_291,"[[9, 19, 10, 18], [20, 6, 21, 5], [22, 13, 23, 14], [24, 22, 1, 21], [17, 3, 18, 2], [4, 20, 5, 19], [6, 16, 7, 15], [3, 8, 4, 9], [10, 1, 11, 2], [12, 23, 13, 24], [14, 12, 15, 11], [16, 8, 17, 7]]"
12n_0612_reversed_292,"[[16, 8, 17, 7], [9, 19, 10, 18], [20, 6, 21, 5], [22, 13, 23, 14], [24, 22, 1, 21], [17, 3, 18, 2], [4, 20, 5, 19], [6, 16, 7, 15], [3, 8, 4, 9], [10, 1, 11, 2], [12, 23, 13, 24], [14, 12, 15, 11]]"
12n_0612_reversed_293,"[[14, 12, 15, 11], [16, 8, 17, 7], [9, 19, 10, 18], [20, 6, 21, 5], [22, 13, 23, 14], [24, 22, 1, 21], [17, 3, 18, 2], [4, 20, 5, 19], [6, 16, 7, 15], [3, 8, 4, 9], [10, 1, 11, 2], [12, 23, 13, 24]]"
12n_0612_reversed_294,"[[12, 23, 13, 24], [14, 12, 15, 11], [16, 8, 17, 7], [9, 19, 10, 18], [20, 6, 21, 5], [22, 13, 23, 14], [24, 22, 1, 21], [17, 3, 18, 2], [4, 20, 5, 19], [6, 16, 7, 15], [3, 8, 4, 9], [10, 1, 11, 2]]"
12n_0612_reversed_295,"[[10, 1, 11, 2], [12, 23, 13, 24], [14, 12, 15, 11], [16, 8, 17, 7], [9, 19, 10, 18], [20, 6, 21, 5], [22, 13, 23, 14], [24, 22, 1, 21], [17, 3, 18, 2], [4, 20, 5, 19], [6, 16, 7, 15], [3, 8, 4, 9]]"
12n_0612_reversed_296,"[[3, 8, 4, 9], [10, 1, 11, 2], [12, 23, 13, 24], [14, 12, 15, 11], [16, 8, 17, 7], [9, 19, 10, 18], [20, 6, 21, 5], [22, 13, 23, 14], [24, 22, 1, 21], [17, 3, 18, 2], [4, 20, 5, 19], [6, 16, 7, 15]]"
12n_0612_reversed_297,"[[6, 16, 7, 15], [3, 8, 4, 9], [10, 1, 11, 2], [12, 23, 13, 24], [14, 12, 15, 11], [16, 8, 17, 7], [9, 19, 10, 18], [20, 6, 21, 5], [22, 13, 23, 14], [24, 22, 1, 21], [17, 3, 18, 2], [4, 20, 5, 19]]"
12n_0612_reversed_298,"[[4, 20, 5, 19], [6, 16, 7, 15], [3, 8, 4, 9], [10, 1, 11, 2], [12, 23, 13, 24], [14, 12, 15, 11], [16, 8, 17, 7], [9, 19, 10, 18], [20, 6, 21, 5], [22, 13, 23, 14], [24, 22, 1, 21], [17, 3, 18, 2]]"
12n_0612_reversed_299,"[[17, 3, 18, 2], [4, 20, 5, 19], [6, 16, 7, 15], [3, 8, 4, 9], [10, 1, 11, 2], [12, 23, 13, 24], [14, 12, 15, 11], [16, 8, 17, 7], [9, 19, 10, 18], [20, 6, 21, 5], [22, 13, 23, 14], [24, 22, 1, 21]]"
12n_0612_reversed_300,"[[1, 23, 2, 22], [18, 4, 19, 3], [5, 21, 6, 20], [7, 17, 8, 16], [4, 9, 5, 10], [11, 2, 12, 3], [13, 24, 14, 1], [15, 13, 16, 12], [17, 9, 18, 8], [10, 20, 11, 19], [21, 7, 22, 6], [23, 14, 24, 15]]"
12n_0612_reversed_301,"[[23, 14, 24, 15], [1, 23, 2, 22], [18, 4, 19, 3], [5, 21, 6, 20], [7, 17, 8, 16], [4, 9, 5, 10], [11, 2, 12, 3], [13, 24, 14, 1], [15, 13, 16, 12], [17, 9, 18, 8], [10, 20, 11, 19], [21, 7, 22, 6]]"
12n_0612_reversed_302,"[[21, 7, 22, 6], [23, 14, 24, 15], [1, 23, 2, 22], [18, 4, 19, 3], [5, 21, 6, 20], [7, 17, 8, 16], [4, 9, 5, 10], [11, 2, 12, 3], [13, 24, 14, 1], [15, 13, 16, 12], [17, 9, 18, 8], [10, 20, 11, 19]]"
12n_0612_reversed_303,"[[10, 20, 11, 19], [21, 7, 22, 6], [23, 14, 24, 15], [1, 23, 2, 22], [18, 4, 19, 3], [5, 21, 6, 20], [7, 17, 8, 16], [4, 9, 5, 10], [11, 2, 12, 3], [13, 24, 14, 1], [15, 13, 16, 12], [17, 9, 18, 8]]"
12n_0612_reversed_304,"[[17, 9, 18, 8], [10, 20, 11, 19], [21, 7, 22, 6], [23, 14, 24, 15], [1, 23, 2, 22], [18, 4, 19, 3], [5, 21, 6, 20], [7, 17, 8, 16], [4, 9, 5, 10], [11, 2, 12, 3], [13, 24, 14, 1], [15, 13, 16, 12]]"
12n_0612_reversed_305,"[[15, 13, 16, 12], [17, 9, 18, 8], [10, 20, 11, 19], [21, 7, 22, 6], [23, 14, 24, 15], [1, 23, 2, 22], [18, 4, 19, 3], [5, 21, 6, 20], [7, 17, 8, 16], [4, 9, 5, 10], [11, 2, 12, 3], [13, 24, 14, 1]]"
12n_0612_reversed_306,"[[13, 24, 14, 1], [15, 13, 16, 12], [17, 9, 18, 8], [10, 20, 11, 19], [21, 7, 22, 6], [23, 14, 24, 15], [1, 23, 2, 22], [18, 4, 19, 3], [5, 21, 6, 20], [7, 17, 8, 16], [4, 9, 5, 10], [11, 2, 12, 3]]"
12n_0612_reversed_307,"[[11, 2, 12, 3], [13, 24, 14, 1], [15, 13, 16, 12], [17, 9, 18, 8], [10, 20, 11, 19], [21, 7, 22, 6], [23, 14, 24, 15], [1, 23, 2, 22], [18, 4, 19, 3], [5, 21, 6, 20], [7, 17, 8, 16], [4, 9, 5, 10]]"
12n_0612_reversed_308,"[[4, 9, 5, 10], [11, 2, 12, 3], [13, 24, 14, 1], [15, 13, 16, 12], [17, 9, 18, 8], [10, 20, 11, 19], [21, 7, 22, 6], [23, 14, 24, 15], [1, 23, 2, 22], [18, 4, 19, 3], [5, 21, 6, 20], [7, 17, 8, 16]]"
12n_0612_reversed_309,"[[7, 17, 8, 16], [4, 9, 5, 10], [11, 2, 12, 3], [13, 24, 14, 1], [15, 13, 16, 12], [17, 9, 18, 8], [10, 20, 11, 19], [21, 7, 22, 6], [23, 14, 24, 15], [1, 23, 2, 22], [18, 4, 19, 3], [5, 21, 6, 20]]"
12n_0612_reversed_310,"[[5, 21, 6, 20], [7, 17, 8, 16], [4, 9, 5, 10], [11, 2, 12, 3], [13, 24, 14, 1], [15, 13, 16, 12], [17, 9, 18, 8], [10, 20, 11, 19], [21, 7, 22, 6], [23, 14, 24, 15], [1, 23, 2, 22], [18, 4, 19, 3]]"
12n_0612_reversed_311,"[[18, 4, 19, 3], [5, 21, 6, 20], [7, 17, 8, 16], [4, 9, 5, 10], [11, 2, 12, 3], [13, 24, 14, 1], [15, 13, 16, 12], [17, 9, 18, 8], [10, 20, 11, 19], [21, 7, 22, 6], [23, 14, 24, 15], [1, 23, 2, 22]]"
12n_0612_reversed_312,"[[2, 24, 3, 23], [19, 5, 20, 4], [6, 22, 7, 21], [8, 18, 9, 17], [5, 10, 6, 11], [12, 3, 13, 4], [14, 1, 15, 2], [16, 14, 17, 13], [18, 10, 19, 9], [11, 21, 12, 20], [22, 8, 23, 7], [24, 15, 1, 16]]"
12n_0612_reversed_313,"[[24, 15, 1, 16], [2, 24, 3, 23], [19, 5, 20, 4], [6, 22, 7, 21], [8, 18, 9, 17], [5, 10, 6, 11], [12, 3, 13, 4], [14, 1, 15, 2], [16, 14, 17, 13], [18, 10, 19, 9], [11, 21, 12, 20], [22, 8, 23, 7]]"
12n_0612_reversed_314,"[[22, 8, 23, 7], [24, 15, 1, 16], [2, 24, 3, 23], [19, 5, 20, 4], [6, 22, 7, 21], [8, 18, 9, 17], [5, 10, 6, 11], [12, 3, 13, 4], [14, 1, 15, 2], [16, 14, 17, 13], [18, 10, 19, 9], [11, 21, 12, 20]]"
12n_0612_reversed_315,"[[11, 21, 12, 20], [22, 8, 23, 7], [24, 15, 1, 16], [2, 24, 3, 23], [19, 5, 20, 4], [6, 22, 7, 21], [8, 18, 9, 17], [5, 10, 6, 11], [12, 3, 13, 4], [14, 1, 15, 2], [16, 14, 17, 13], [18, 10, 19, 9]]"
12n_0612_reversed_316,"[[18, 10, 19, 9], [11, 21, 12, 20], [22, 8, 23, 7], [24, 15, 1, 16], [2, 24, 3, 23], [19, 5, 20, 4], [6, 22, 7, 21], [8, 18, 9, 17], [5, 10, 6, 11], [12, 3, 13, 4], [14, 1, 15, 2], [16, 14, 17, 13]]"
12n_0612_reversed_317,"[[16, 14, 17, 13], [18, 10, 19, 9], [11, 21, 12, 20], [22, 8, 23, 7], [24, 15, 1, 16], [2, 24, 3, 23], [19, 5, 20, 4], [6, 22, 7, 21], [8, 18, 9, 17], [5, 10, 6, 11], [12, 3, 13, 4], [14, 1, 15, 2]]"
12n_0612_reversed_318,"[[14, 1, 15, 2], [16, 14, 17, 13], [18, 10, 19, 9], [11, 21, 12, 20], [22, 8, 23, 7], [24, 15, 1, 16], [2, 24, 3, 23], [19, 5, 20, 4], [6, 22, 7, 21], [8, 18, 9, 17], [5, 10, 6, 11], [12, 3, 13, 4]]"
12n_0612_reversed_319,"[[12, 3, 13, 4], [14, 1, 15, 2], [16, 14, 17, 13], [18, 10, 19, 9], [11, 21, 12, 20], [22, 8, 23, 7], [24, 15, 1, 16], [2, 24, 3, 23], [19, 5, 20, 4], [6, 22, 7, 21], [8, 18, 9, 17], [5, 10, 6, 11]]"
12n_0612_reversed_320,"[[5, 10, 6, 11], [12, 3, 13, 4], [14, 1, 15, 2], [16, 14, 17, 13], [18, 10, 19, 9], [11, 21, 12, 20], [22, 8, 23, 7], [24, 15, 1, 16], [2, 24, 3, 23], [19, 5, 20, 4], [6, 22, 7, 21], [8, 18, 9, 17]]"
12n_0612_reversed_321,"[[8, 18, 9, 17], [5, 10, 6, 11], [12, 3, 13, 4], [14, 1, 15, 2], [16, 14, 17, 13], [18, 10, 19, 9], [11, 21, 12, 20], [22, 8, 23, 7], [24, 15, 1, 16], [2, 24, 3, 23], [19, 5, 20, 4], [6, 22, 7, 21]]"
12n_0612_reversed_322,"[[6, 22, 7, 21], [8, 18, 9, 17], [5, 10, 6, 11], [12, 3, 13, 4], [14, 1, 15, 2], [16, 14, 17, 13], [18, 10, 19, 9], [11, 21, 12, 20], [22, 8, 23, 7], [24, 15, 1, 16], [2, 24, 3, 23], [19, 5, 20, 4]]"
12n_0612_reversed_323,"[[19, 5, 20, 4], [6, 22, 7, 21], [8, 18, 9, 17], [5, 10, 6, 11], [12, 3, 13, 4], [14, 1, 15, 2], [16, 14, 17, 13], [18, 10, 19, 9], [11, 21, 12, 20], [22, 8, 23, 7], [24, 15, 1, 16], [2, 24, 3, 23]]"
12n_0612_reversed_324,"[[3, 1, 4, 24], [20, 6, 21, 5], [7, 23, 8, 22], [9, 19, 10, 18], [6, 11, 7, 12], [13, 4, 14, 5], [15, 2, 16, 3], [17, 15, 18, 14], [19, 11, 20, 10], [12, 22, 13, 21], [23, 9, 24, 8], [1, 16, 2, 17]]"
12n_0612_reversed_325,"[[1, 16, 2, 17], [3, 1, 4, 24], [20, 6, 21, 5], [7, 23, 8, 22], [9, 19, 10, 18], [6, 11, 7, 12], [13, 4, 14, 5], [15, 2, 16, 3], [17, 15, 18, 14], [19, 11, 20, 10], [12, 22, 13, 21], [23, 9, 24, 8]]"
12n_0612_reversed_326,"[[23, 9, 24, 8], [1, 16, 2, 17], [3, 1, 4, 24], [20, 6, 21, 5], [7, 23, 8, 22], [9, 19, 10, 18], [6, 11, 7, 12], [13, 4, 14, 5], [15, 2, 16, 3], [17, 15, 18, 14], [19, 11, 20, 10], [12, 22, 13, 21]]"
12n_0612_reversed_327,"[[12, 22, 13, 21], [23, 9, 24, 8], [1, 16, 2, 17], [3, 1, 4, 24], [20, 6, 21, 5], [7, 23, 8, 22], [9, 19, 10, 18], [6, 11, 7, 12], [13, 4, 14, 5], [15, 2, 16, 3], [17, 15, 18, 14], [19, 11, 20, 10]]"
12n_0612_reversed_328,"[[19, 11, 20, 10], [12, 22, 13, 21], [23, 9, 24, 8], [1, 16, 2, 17], [3, 1, 4, 24], [20, 6, 21, 5], [7, 23, 8, 22], [9, 19, 10, 18], [6, 11, 7, 12], [13, 4, 14, 5], [15, 2, 16, 3], [17, 15, 18, 14]]"
12n_0612_reversed_329,"[[17, 15, 18, 14], [19, 11, 20, 10], [12, 22, 13, 21], [23, 9, 24, 8], [1, 16, 2, 17], [3, 1, 4, 24], [20, 6, 21, 5], [7, 23, 8, 22], [9, 19, 10, 18], [6, 11, 7, 12], [13, 4, 14, 5], [15, 2, 16, 3]]"
12n_0612_reversed_330,"[[15, 2, 16, 3], [17, 15, 18, 14], [19, 11, 20, 10], [12, 22, 13, 21], [23, 9, 24, 8], [1, 16, 2, 17], [3, 1, 4, 24], [20, 6, 21, 5], [7, 23, 8, 22], [9, 19, 10, 18], [6, 11, 7, 12], [13, 4, 14, 5]]"
12n_0612_reversed_331,"[[13, 4, 14, 5], [15, 2, 16, 3], [17, 15, 18, 14], [19, 11, 20, 10], [12, 22, 13, 21], [23, 9, 24, 8], [1, 16, 2, 17], [3, 1, 4, 24], [20, 6, 21, 5], [7, 23, 8, 22], [9, 19, 10, 18], [6, 11, 7, 12]]"
12n_0612_reversed_332,"[[6, 11, 7, 12], [13, 4, 14, 5], [15, 2, 16, 3], [17, 15, 18, 14], [19, 11, 20, 10], [12, 22, 13, 21], [23, 9, 24, 8], [1, 16, 2, 17], [3, 1, 4, 24], [20, 6, 21, 5], [7, 23, 8, 22], [9, 19, 10, 18]]"
12n_0612_reversed_333,"[[9, 19, 10, 18], [6, 11, 7, 12], [13, 4, 14, 5], [15, 2, 16, 3], [17, 15, 18, 14], [19, 11, 20, 10], [12, 22, 13, 21], [23, 9, 24, 8], [1, 16, 2, 17], [3, 1, 4, 24], [20, 6, 21, 5], [7, 23, 8, 22]]"
12n_0612_reversed_334,"[[7, 23, 8, 22], [9, 19, 10, 18], [6, 11, 7, 12], [13, 4, 14, 5], [15, 2, 16, 3], [17, 15, 18, 14], [19, 11, 20, 10], [12, 22, 13, 21], [23, 9, 24, 8], [1, 16, 2, 17], [3, 1, 4, 24], [20, 6, 21, 5]]"
12n_0612_reversed_335,"[[20, 6, 21, 5], [7, 23, 8, 22], [9, 19, 10, 18], [6, 11, 7, 12], [13, 4, 14, 5], [15, 2, 16, 3], [17, 15, 18, 14], [19, 11, 20, 10], [12, 22, 13, 21], [23, 9, 24, 8], [1, 16, 2, 17], [3, 1, 4, 24]]"
12n_0612_reversed_336,"[[4, 2, 5, 1], [21, 7, 22, 6], [8, 24, 9, 23], [10, 20, 11, 19], [7, 12, 8, 13], [14, 5, 15, 6], [16, 3, 17, 4], [18, 16, 19, 15], [20, 12, 21, 11], [13, 23, 14, 22], [24, 10, 1, 9], [2, 17, 3, 18]]"
12n_0612_reversed_337,"[[2, 17, 3, 18], [4, 2, 5, 1], [21, 7, 22, 6], [8, 24, 9, 23], [10, 20, 11, 19], [7, 12, 8, 13], [14, 5, 15, 6], [16, 3, 17, 4], [18, 16, 19, 15], [20, 12, 21, 11], [13, 23, 14, 22], [24, 10, 1, 9]]"
12n_0612_reversed_338,"[[24, 10, 1, 9], [2, 17, 3, 18], [4, 2, 5, 1], [21, 7, 22, 6], [8, 24, 9, 23], [10, 20, 11, 19], [7, 12, 8, 13], [14, 5, 15, 6], [16, 3, 17, 4], [18, 16, 19, 15], [20, 12, 21, 11], [13, 23, 14, 22]]"
12n_0612_reversed_339,"[[13, 23, 14, 22], [24, 10, 1, 9], [2, 17, 3, 18], [4, 2, 5, 1], [21, 7, 22, 6], [8, 24, 9, 23], [10, 20, 11, 19], [7, 12, 8, 13], [14, 5, 15, 6], [16, 3, 17, 4], [18, 16, 19, 15], [20, 12, 21, 11]]"
12n_0612_reversed_340,"[[20, 12, 21, 11], [13, 23, 14, 22], [24, 10, 1, 9], [2, 17, 3, 18], [4, 2, 5, 1], [21, 7, 22, 6], [8, 24, 9, 23], [10, 20, 11, 19], [7, 12, 8, 13], [14, 5, 15, 6], [16, 3, 17, 4], [18, 16, 19, 15]]"
12n_0612_reversed_341,"[[18, 16, 19, 15], [20, 12, 21, 11], [13, 23, 14, 22], [24, 10, 1, 9], [2, 17, 3, 18], [4, 2, 5, 1], [21, 7, 22, 6], [8, 24, 9, 23], [10, 20, 11, 19], [7, 12, 8, 13], [14, 5, 15, 6], [16, 3, 17, 4]]"
12n_0612_reversed_342,"[[16, 3, 17, 4], [18, 16, 19, 15], [20, 12, 21, 11], [13, 23, 14, 22], [24, 10, 1, 9], [2, 17, 3, 18], [4, 2, 5, 1], [21, 7, 22, 6], [8, 24, 9, 23], [10, 20, 11, 19], [7, 12, 8, 13], [14, 5, 15, 6]]"
12n_0612_reversed_343,"[[14, 5, 15, 6], [16, 3, 17, 4], [18, 16, 19, 15], [20, 12, 21, 11], [13, 23, 14, 22], [24, 10, 1, 9], [2, 17, 3, 18], [4, 2, 5, 1], [21, 7, 22, 6], [8, 24, 9, 23], [10, 20, 11, 19], [7, 12, 8, 13]]"
12n_0612_reversed_344,"[[7, 12, 8, 13], [14, 5, 15, 6], [16, 3, 17, 4], [18, 16, 19, 15], [20, 12, 21, 11], [13, 23, 14, 22], [24, 10, 1, 9], [2, 17, 3, 18], [4, 2, 5, 1], [21, 7, 22, 6], [8, 24, 9, 23], [10, 20, 11, 19]]"
12n_0612_reversed_345,"[[10, 20, 11, 19], [7, 12, 8, 13], [14, 5, 15, 6], [16, 3, 17, 4], [18, 16, 19, 15], [20, 12, 21, 11], [13, 23, 14, 22], [24, 10, 1, 9], [2, 17, 3, 18], [4, 2, 5, 1], [21, 7, 22, 6], [8, 24, 9, 23]]"
12n_0612_reversed_346,"[[8, 24, 9, 23], [10, 20, 11, 19], [7, 12, 8, 13], [14, 5, 15, 6], [16, 3, 17, 4], [18, 16, 19, 15], [20, 12, 21, 11], [13, 23, 14, 22], [24, 10, 1, 9], [2, 17, 3, 18], [4, 2, 5, 1], [21, 7, 22, 6]]"
12n_0612_reversed_347,"[[21, 7, 22, 6], [8, 24, 9, 23], [10, 20, 11, 19], [7, 12, 8, 13], [14, 5, 15, 6], [16, 3, 17, 4], [18, 16, 19, 15], [20, 12, 21, 11], [13, 23, 14, 22], [24, 10, 1, 9], [2, 17, 3, 18], [4, 2, 5, 1]]"
12n_0612_reversed_348,"[[5, 3, 6, 2], [22, 8, 23, 7], [9, 1, 10, 24], [11, 21, 12, 20], [8, 13, 9, 14], [15, 6, 16, 7], [17, 4, 18, 5], [19, 17, 20, 16], [21, 13, 22, 12], [14, 24, 15, 23], [1, 11, 2, 10], [3, 18, 4, 19]]"
12n_0612_reversed_349,"[[3, 18, 4, 19], [5, 3, 6, 2], [22, 8, 23, 7], [9, 1, 10, 24], [11, 21, 12, 20], [8, 13, 9, 14], [15, 6, 16, 7], [17, 4, 18, 5], [19, 17, 20, 16], [21, 13, 22, 12], [14, 24, 15, 23], [1, 11, 2, 10]]"
12n_0612_reversed_350,"[[1, 11, 2, 10], [3, 18, 4, 19], [5, 3, 6, 2], [22, 8, 23, 7], [9, 1, 10, 24], [11, 21, 12, 20], [8, 13, 9, 14], [15, 6, 16, 7], [17, 4, 18, 5], [19, 17, 20, 16], [21, 13, 22, 12], [14, 24, 15, 23]]"
12n_0612_reversed_351,"[[14, 24, 15, 23], [1, 11, 2, 10], [3, 18, 4, 19], [5, 3, 6, 2], [22, 8, 23, 7], [9, 1, 10, 24], [11, 21, 12, 20], [8, 13, 9, 14], [15, 6, 16, 7], [17, 4, 18, 5], [19, 17, 20, 16], [21, 13, 22, 12]]"
12n_0612_reversed_352,"[[21, 13, 22, 12], [14, 24, 15, 23], [1, 11, 2, 10], [3, 18, 4, 19], [5, 3, 6, 2], [22, 8, 23, 7], [9, 1, 10, 24], [11, 21, 12, 20], [8, 13, 9, 14], [15, 6, 16, 7], [17, 4, 18, 5], [19, 17, 20, 16]]"
12n_0612_reversed_353,"[[19, 17, 20, 16], [21, 13, 22, 12], [14, 24, 15, 23], [1, 11, 2, 10], [3, 18, 4, 19], [5, 3, 6, 2], [22, 8, 23, 7], [9, 1, 10, 24], [11, 21, 12, 20], [8, 13, 9, 14], [15, 6, 16, 7], [17, 4, 18, 5]]"
12n_0612_reversed_354,"[[17, 4, 18, 5], [19, 17, 20, 16], [21, 13, 22, 12], [14, 24, 15, 23], [1, 11, 2, 10], [3, 18, 4, 19], [5, 3, 6, 2], [22, 8, 23, 7], [9, 1, 10, 24], [11, 21, 12, 20], [8, 13, 9, 14], [15, 6, 16, 7]]"
12n_0612_reversed_355,"[[15, 6, 16, 7], [17, 4, 18, 5], [19, 17, 20, 16], [21, 13, 22, 12], [14, 24, 15, 23], [1, 11, 2, 10], [3, 18, 4, 19], [5, 3, 6, 2], [22, 8, 23, 7], [9, 1, 10, 24], [11, 21, 12, 20], [8, 13, 9, 14]]"
12n_0612_reversed_356,"[[8, 13, 9, 14], [15, 6, 16, 7], [17, 4, 18, 5], [19, 17, 20, 16], [21, 13, 22, 12], [14, 24, 15, 23], [1, 11, 2, 10], [3, 18, 4, 19], [5, 3, 6, 2], [22, 8, 23, 7], [9, 1, 10, 24], [11, 21, 12, 20]]"
12n_0612_reversed_357,"[[11, 21, 12, 20], [8, 13, 9, 14], [15, 6, 16, 7], [17, 4, 18, 5], [19, 17, 20, 16], [21, 13, 22, 12], [14, 24, 15, 23], [1, 11, 2, 10], [3, 18, 4, 19], [5, 3, 6, 2], [22, 8, 23, 7], [9, 1, 10, 24]]"
12n_0612_reversed_358,"[[9, 1, 10, 24], [11, 21, 12, 20], [8, 13, 9, 14], [15, 6, 16, 7], [17, 4, 18, 5], [19, 17, 20, 16], [21, 13, 22, 12], [14, 24, 15, 23], [1, 11, 2, 10], [3, 18, 4, 19], [5, 3, 6, 2], [22, 8, 23, 7]]"
12n_0612_reversed_359,"[[22, 8, 23, 7], [9, 1, 10, 24], [11, 21, 12, 20], [8, 13, 9, 14], [15, 6, 16, 7], [17, 4, 18, 5], [19, 17, 20, 16], [21, 13, 22, 12], [14, 24, 15, 23], [1, 11, 2, 10], [3, 18, 4, 19], [5, 3, 6, 2]]"
12n_0612_reversed_360,"[[6, 4, 7, 3], [23, 9, 24, 8], [10, 2, 11, 1], [12, 22, 13, 21], [9, 14, 10, 15], [16, 7, 17, 8], [18, 5, 19, 6], [20, 18, 21, 17], [22, 14, 23, 13], [15, 1, 16, 24], [2, 12, 3, 11], [4, 19, 5, 20]]"
12n_0612_reversed_361,"[[4, 19, 5, 20], [6, 4, 7, 3], [23, 9, 24, 8], [10, 2, 11, 1], [12, 22, 13, 21], [9, 14, 10, 15], [16, 7, 17, 8], [18, 5, 19, 6], [20, 18, 21, 17], [22, 14, 23, 13], [15, 1, 16, 24], [2, 12, 3, 11]]"
12n_0612_reversed_362,"[[2, 12, 3, 11], [4, 19, 5, 20], [6, 4, 7, 3], [23, 9, 24, 8], [10, 2, 11, 1], [12, 22, 13, 21], [9, 14, 10, 15], [16, 7, 17, 8], [18, 5, 19, 6], [20, 18, 21, 17], [22, 14, 23, 13], [15, 1, 16, 24]]"
12n_0612_reversed_363,"[[15, 1, 16, 24], [2, 12, 3, 11], [4, 19, 5, 20], [6, 4, 7, 3], [23, 9, 24, 8], [10, 2, 11, 1], [12, 22, 13, 21], [9, 14, 10, 15], [16, 7, 17, 8], [18, 5, 19, 6], [20, 18, 21, 17], [22, 14, 23, 13]]"
12n_0612_reversed_364,"[[22, 14, 23, 13], [15, 1, 16, 24], [2, 12, 3, 11], [4, 19, 5, 20], [6, 4, 7, 3], [23, 9, 24, 8], [10, 2, 11, 1], [12, 22, 13, 21], [9, 14, 10, 15], [16, 7, 17, 8], [18, 5, 19, 6], [20, 18, 21, 17]]"
12n_0612_reversed_365,"[[20, 18, 21, 17], [22, 14, 23, 13], [15, 1, 16, 24], [2, 12, 3, 11], [4, 19, 5, 20], [6, 4, 7, 3], [23, 9, 24, 8], [10, 2, 11, 1], [12, 22, 13, 21], [9, 14, 10, 15], [16, 7, 17, 8], [18, 5, 19, 6]]"
12n_0612_reversed_366,"[[18, 5, 19, 6], [20, 18, 21, 17], [22, 14, 23, 13], [15, 1, 16, 24], [2, 12, 3, 11], [4, 19, 5, 20], [6, 4, 7, 3], [23, 9, 24, 8], [10, 2, 11, 1], [12, 22, 13, 21], [9, 14, 10, 15], [16, 7, 17, 8]]"
12n_0612_reversed_367,"[[16, 7, 17, 8], [18, 5, 19, 6], [20, 18, 21, 17], [22, 14, 23, 13], [15, 1, 16, 24], [2, 12, 3, 11], [4, 19, 5, 20], [6, 4, 7, 3], [23, 9, 24, 8], [10, 2, 11, 1], [12, 22, 13, 21], [9, 14, 10, 15]]"
12n_0612_reversed_368,"[[9, 14, 10, 15], [16, 7, 17, 8], [18, 5, 19, 6], [20, 18, 21, 17], [22, 14, 23, 13], [15, 1, 16, 24], [2, 12, 3, 11], [4, 19, 5, 20], [6, 4, 7, 3], [23, 9, 24, 8], [10, 2, 11, 1], [12, 22, 13, 21]]"
12n_0612_reversed_369,"[[12, 22, 13, 21], [9, 14, 10, 15], [16, 7, 17, 8], [18, 5, 19, 6], [20, 18, 21, 17], [22, 14, 23, 13], [15, 1, 16, 24], [2, 12, 3, 11], [4, 19, 5, 20], [6, 4, 7, 3], [23, 9, 24, 8], [10, 2, 11, 1]]"
12n_0612_reversed_370,"[[10, 2, 11, 1], [12, 22, 13, 21], [9, 14, 10, 15], [16, 7, 17, 8], [18, 5, 19, 6], [20, 18, 21, 17], [22, 14, 23, 13], [15, 1, 16, 24], [2, 12, 3, 11], [4, 19, 5, 20], [6, 4, 7, 3], [23, 9, 24, 8]]"
12n_0612_reversed_371,"[[23, 9, 24, 8], [10, 2, 11, 1], [12, 22, 13, 21], [9, 14, 10, 15], [16, 7, 17, 8], [18, 5, 19, 6], [20, 18, 21, 17], [22, 14, 23, 13], [15, 1, 16, 24], [2, 12, 3, 11], [4, 19, 5, 20], [6, 4, 7, 3]]"
12n_0612_reversed_372,"[[7, 5, 8, 4], [24, 10, 1, 9], [11, 3, 12, 2], [13, 23, 14, 22], [10, 15, 11, 16], [17, 8, 18, 9], [19, 6, 20, 7], [21, 19, 22, 18], [23, 15, 24, 14], [16, 2, 17, 1], [3, 13, 4, 12], [5, 20, 6, 21]]"
12n_0612_reversed_373,"[[5, 20, 6, 21], [7, 5, 8, 4], [24, 10, 1, 9], [11, 3, 12, 2], [13, 23, 14, 22], [10, 15, 11, 16], [17, 8, 18, 9], [19, 6, 20, 7], [21, 19, 22, 18], [23, 15, 24, 14], [16, 2, 17, 1], [3, 13, 4, 12]]"
12n_0612_reversed_374,"[[3, 13, 4, 12], [5, 20, 6, 21], [7, 5, 8, 4], [24, 10, 1, 9], [11, 3, 12, 2], [13, 23, 14, 22], [10, 15, 11, 16], [17, 8, 18, 9], [19, 6, 20, 7], [21, 19, 22, 18], [23, 15, 24, 14], [16, 2, 17, 1]]"
12n_0612_reversed_375,"[[16, 2, 17, 1], [3, 13, 4, 12], [5, 20, 6, 21], [7, 5, 8, 4], [24, 10, 1, 9], [11, 3, 12, 2], [13, 23, 14, 22], [10, 15, 11, 16], [17, 8, 18, 9], [19, 6, 20, 7], [21, 19, 22, 18], [23, 15, 24, 14]]"
12n_0612_reversed_376,"[[23, 15, 24, 14], [16, 2, 17, 1], [3, 13, 4, 12], [5, 20, 6, 21], [7, 5, 8, 4], [24, 10, 1, 9], [11, 3, 12, 2], [13, 23, 14, 22], [10, 15, 11, 16], [17, 8, 18, 9], [19, 6, 20, 7], [21, 19, 22, 18]]"
12n_0612_reversed_377,"[[21, 19, 22, 18], [23, 15, 24, 14], [16, 2, 17, 1], [3, 13, 4, 12], [5, 20, 6, 21], [7, 5, 8, 4], [24, 10, 1, 9], [11, 3, 12, 2], [13, 23, 14, 22], [10, 15, 11, 16], [17, 8, 18, 9], [19, 6, 20, 7]]"
12n_0612_reversed_378,"[[19, 6, 20, 7], [21, 19, 22, 18], [23, 15, 24, 14], [16, 2, 17, 1], [3, 13, 4, 12], [5, 20, 6, 21], [7, 5, 8, 4], [24, 10, 1, 9], [11, 3, 12, 2], [13, 23, 14, 22], [10, 15, 11, 16], [17, 8, 18, 9]]"
12n_0612_reversed_379,"[[17, 8, 18, 9], [19, 6, 20, 7], [21, 19, 22, 18], [23, 15, 24, 14], [16, 2, 17, 1], [3, 13, 4, 12], [5, 20, 6, 21], [7, 5, 8, 4], [24, 10, 1, 9], [11, 3, 12, 2], [13, 23, 14, 22], [10, 15, 11, 16]]"
12n_0612_reversed_380,"[[10, 15, 11, 16], [17, 8, 18, 9], [19, 6, 20, 7], [21, 19, 22, 18], [23, 15, 24, 14], [16, 2, 17, 1], [3, 13, 4, 12], [5, 20, 6, 21], [7, 5, 8, 4], [24, 10, 1, 9], [11, 3, 12, 2], [13, 23, 14, 22]]"
12n_0612_reversed_381,"[[13, 23, 14, 22], [10, 15, 11, 16], [17, 8, 18, 9], [19, 6, 20, 7], [21, 19, 22, 18], [23, 15, 24, 14], [16, 2, 17, 1], [3, 13, 4, 12], [5, 20, 6, 21], [7, 5, 8, 4], [24, 10, 1, 9], [11, 3, 12, 2]]"
12n_0612_reversed_382,"[[11, 3, 12, 2], [13, 23, 14, 22], [10, 15, 11, 16], [17, 8, 18, 9], [19, 6, 20, 7], [21, 19, 22, 18], [23, 15, 24, 14], [16, 2, 17, 1], [3, 13, 4, 12], [5, 20, 6, 21], [7, 5, 8, 4], [24, 10, 1, 9]]"
12n_0612_reversed_383,"[[24, 10, 1, 9], [11, 3, 12, 2], [13, 23, 14, 22], [10, 15, 11, 16], [17, 8, 18, 9], [19, 6, 20, 7], [21, 19, 22, 18], [23, 15, 24, 14], [16, 2, 17, 1], [3, 13, 4, 12], [5, 20, 6, 21], [7, 5, 8, 4]]"
12n_0612_reversed_384,"[[8, 6, 9, 5], [1, 11, 2, 10], [12, 4, 13, 3], [14, 24, 15, 23], [11, 16, 12, 17], [18, 9, 19, 10], [20, 7, 21, 8], [22, 20, 23, 19], [24, 16, 1, 15], [17, 3, 18, 2], [4, 14, 5, 13], [6, 21, 7, 22]]"
12n_0612_reversed_385,"[[6, 21, 7, 22], [8, 6, 9, 5], [1, 11, 2, 10], [12, 4, 13, 3], [14, 24, 15, 23], [11, 16, 12, 17], [18, 9, 19, 10], [20, 7, 21, 8], [22, 20, 23, 19], [24, 16, 1, 15], [17, 3, 18, 2], [4, 14, 5, 13]]"
12n_0612_reversed_386,"[[4, 14, 5, 13], [6, 21, 7, 22], [8, 6, 9, 5], [1, 11, 2, 10], [12, 4, 13, 3], [14, 24, 15, 23], [11, 16, 12, 17], [18, 9, 19, 10], [20, 7, 21, 8], [22, 20, 23, 19], [24, 16, 1, 15], [17, 3, 18, 2]]"
12n_0612_reversed_387,"[[17, 3, 18, 2], [4, 14, 5, 13], [6, 21, 7, 22], [8, 6, 9, 5], [1, 11, 2, 10], [12, 4, 13, 3], [14, 24, 15, 23], [11, 16, 12, 17], [18, 9, 19, 10], [20, 7, 21, 8], [22, 20, 23, 19], [24, 16, 1, 15]]"
12n_0612_reversed_388,"[[24, 16, 1, 15], [17, 3, 18, 2], [4, 14, 5, 13], [6, 21, 7, 22], [8, 6, 9, 5], [1, 11, 2, 10], [12, 4, 13, 3], [14, 24, 15, 23], [11, 16, 12, 17], [18, 9, 19, 10], [20, 7, 21, 8], [22, 20, 23, 19]]"
12n_0612_reversed_389,"[[22, 20, 23, 19], [24, 16, 1, 15], [17, 3, 18, 2], [4, 14, 5, 13], [6, 21, 7, 22], [8, 6, 9, 5], [1, 11, 2, 10], [12, 4, 13, 3], [14, 24, 15, 23], [11, 16, 12, 17], [18, 9, 19, 10], [20, 7, 21, 8]]"
12n_0612_reversed_390,"[[20, 7, 21, 8], [22, 20, 23, 19], [24, 16, 1, 15], [17, 3, 18, 2], [4, 14, 5, 13], [6, 21, 7, 22], [8, 6, 9, 5], [1, 11, 2, 10], [12, 4, 13, 3], [14, 24, 15, 23], [11, 16, 12, 17], [18, 9, 19, 10]]"
12n_0612_reversed_391,"[[18, 9, 19, 10], [20, 7, 21, 8], [22, 20, 23, 19], [24, 16, 1, 15], [17, 3, 18, 2], [4, 14, 5, 13], [6, 21, 7, 22], [8, 6, 9, 5], [1, 11, 2, 10], [12, 4, 13, 3], [14, 24, 15, 23], [11, 16, 12, 17]]"
12n_0612_reversed_392,"[[11, 16, 12, 17], [18, 9, 19, 10], [20, 7, 21, 8], [22, 20, 23, 19], [24, 16, 1, 15], [17, 3, 18, 2], [4, 14, 5, 13], [6, 21, 7, 22], [8, 6, 9, 5], [1, 11, 2, 10], [12, 4, 13, 3], [14, 24, 15, 23]]"
12n_0612_reversed_393,"[[14, 24, 15, 23], [11, 16, 12, 17], [18, 9, 19, 10], [20, 7, 21, 8], [22, 20, 23, 19], [24, 16, 1, 15], [17, 3, 18, 2], [4, 14, 5, 13], [6, 21, 7, 22], [8, 6, 9, 5], [1, 11, 2, 10], [12, 4, 13, 3]]"
12n_0612_reversed_394,"[[12, 4, 13, 3], [14, 24, 15, 23], [11, 16, 12, 17], [18, 9, 19, 10], [20, 7, 21, 8], [22, 20, 23, 19], [24, 16, 1, 15], [17, 3, 18, 2], [4, 14, 5, 13], [6, 21, 7, 22], [8, 6, 9, 5], [1, 11, 2, 10]]"
12n_0612_reversed_395,"[[1, 11, 2, 10], [12, 4, 13, 3], [14, 24, 15, 23], [11, 16, 12, 17], [18, 9, 19, 10], [20, 7, 21, 8], [22, 20, 23, 19], [24, 16, 1, 15], [17, 3, 18, 2], [4, 14, 5, 13], [6, 21, 7, 22], [8, 6, 9, 5]]"
12n_0612_reversed_396,"[[9, 7, 10, 6], [2, 12, 3, 11], [13, 5, 14, 4], [15, 1, 16, 24], [12, 17, 13, 18], [19, 10, 20, 11], [21, 8, 22, 9], [23, 21, 24, 20], [1, 17, 2, 16], [18, 4, 19, 3], [5, 15, 6, 14], [7, 22, 8, 23]]"
12n_0612_reversed_397,"[[7, 22, 8, 23], [9, 7, 10, 6], [2, 12, 3, 11], [13, 5, 14, 4], [15, 1, 16, 24], [12, 17, 13, 18], [19, 10, 20, 11], [21, 8, 22, 9], [23, 21, 24, 20], [1, 17, 2, 16], [18, 4, 19, 3], [5, 15, 6, 14]]"
12n_0612_reversed_398,"[[5, 15, 6, 14], [7, 22, 8, 23], [9, 7, 10, 6], [2, 12, 3, 11], [13, 5, 14, 4], [15, 1, 16, 24], [12, 17, 13, 18], [19, 10, 20, 11], [21, 8, 22, 9], [23, 21, 24, 20], [1, 17, 2, 16], [18, 4, 19, 3]]"
12n_0612_reversed_399,"[[18, 4, 19, 3], [5, 15, 6, 14], [7, 22, 8, 23], [9, 7, 10, 6], [2, 12, 3, 11], [13, 5, 14, 4], [15, 1, 16, 24], [12, 17, 13, 18], [19, 10, 20, 11], [21, 8, 22, 9], [23, 21, 24, 20], [1, 17, 2, 16]]"
12n_0612_reversed_400,"[[1, 17, 2, 16], [18, 4, 19, 3], [5, 15, 6, 14], [7, 22, 8, 23], [9, 7, 10, 6], [2, 12, 3, 11], [13, 5, 14, 4], [15, 1, 16, 24], [12, 17, 13, 18], [19, 10, 20, 11], [21, 8, 22, 9], [23, 21, 24, 20]]"
12n_0612_reversed_401,"[[23, 21, 24, 20], [1, 17, 2, 16], [18, 4, 19, 3], [5, 15, 6, 14], [7, 22, 8, 23], [9, 7, 10, 6], [2, 12, 3, 11], [13, 5, 14, 4], [15, 1, 16, 24], [12, 17, 13, 18], [19, 10, 20, 11], [21, 8, 22, 9]]"
12n_0612_reversed_402,"[[21, 8, 22, 9], [23, 21, 24, 20], [1, 17, 2, 16], [18, 4, 19, 3], [5, 15, 6, 14], [7, 22, 8, 23], [9, 7, 10, 6], [2, 12, 3, 11], [13, 5, 14, 4], [15, 1, 16, 24], [12, 17, 13, 18], [19, 10, 20, 11]]"
12n_0612_reversed_403,"[[19, 10, 20, 11], [21, 8, 22, 9], [23, 21, 24, 20], [1, 17, 2, 16], [18, 4, 19, 3], [5, 15, 6, 14], [7, 22, 8, 23], [9, 7, 10, 6], [2, 12, 3, 11], [13, 5, 14, 4], [15, 1, 16, 24], [12, 17, 13, 18]]"
12n_0612_reversed_404,"[[12, 17, 13, 18], [19, 10, 20, 11], [21, 8, 22, 9], [23, 21, 24, 20], [1, 17, 2, 16], [18, 4, 19, 3], [5, 15, 6, 14], [7, 22, 8, 23], [9, 7, 10, 6], [2, 12, 3, 11], [13, 5, 14, 4], [15, 1, 16, 24]]"
12n_0612_reversed_405,"[[15, 1, 16, 24], [12, 17, 13, 18], [19, 10, 20, 11], [21, 8, 22, 9], [23, 21, 24, 20], [1, 17, 2, 16], [18, 4, 19, 3], [5, 15, 6, 14], [7, 22, 8, 23], [9, 7, 10, 6], [2, 12, 3, 11], [13, 5, 14, 4]]"
12n_0612_reversed_406,"[[13, 5, 14, 4], [15, 1, 16, 24], [12, 17, 13, 18], [19, 10, 20, 11], [21, 8, 22, 9], [23, 21, 24, 20], [1, 17, 2, 16], [18, 4, 19, 3], [5, 15, 6, 14], [7, 22, 8, 23], [9, 7, 10, 6], [2, 12, 3, 11]]"
12n_0612_reversed_407,"[[2, 12, 3, 11], [13, 5, 14, 4], [15, 1, 16, 24], [12, 17, 13, 18], [19, 10, 20, 11], [21, 8, 22, 9], [23, 21, 24, 20], [1, 17, 2, 16], [18, 4, 19, 3], [5, 15, 6, 14], [7, 22, 8, 23], [9, 7, 10, 6]]"
12n_0612_reversed_408,"[[10, 8, 11, 7], [3, 13, 4, 12], [14, 6, 15, 5], [16, 2, 17, 1], [13, 18, 14, 19], [20, 11, 21, 12], [22, 9, 23, 10], [24, 22, 1, 21], [2, 18, 3, 17], [19, 5, 20, 4], [6, 16, 7, 15], [8, 23, 9, 24]]"
12n_0612_reversed_409,"[[8, 23, 9, 24], [10, 8, 11, 7], [3, 13, 4, 12], [14, 6, 15, 5], [16, 2, 17, 1], [13, 18, 14, 19], [20, 11, 21, 12], [22, 9, 23, 10], [24, 22, 1, 21], [2, 18, 3, 17], [19, 5, 20, 4], [6, 16, 7, 15]]"
12n_0612_reversed_410,"[[6, 16, 7, 15], [8, 23, 9, 24], [10, 8, 11, 7], [3, 13, 4, 12], [14, 6, 15, 5], [16, 2, 17, 1], [13, 18, 14, 19], [20, 11, 21, 12], [22, 9, 23, 10], [24, 22, 1, 21], [2, 18, 3, 17], [19, 5, 20, 4]]"
12n_0612_reversed_411,"[[19, 5, 20, 4], [6, 16, 7, 15], [8, 23, 9, 24], [10, 8, 11, 7], [3, 13, 4, 12], [14, 6, 15, 5], [16, 2, 17, 1], [13, 18, 14, 19], [20, 11, 21, 12], [22, 9, 23, 10], [24, 22, 1, 21], [2, 18, 3, 17]]"
12n_0612_reversed_412,"[[2, 18, 3, 17], [19, 5, 20, 4], [6, 16, 7, 15], [8, 23, 9, 24], [10, 8, 11, 7], [3, 13, 4, 12], [14, 6, 15, 5], [16, 2, 17, 1], [13, 18, 14, 19], [20, 11, 21, 12], [22, 9, 23, 10], [24, 22, 1, 21]]"
12n_0612_reversed_413,"[[24, 22, 1, 21], [2, 18, 3, 17], [19, 5, 20, 4], [6, 16, 7, 15], [8, 23, 9, 24], [10, 8, 11, 7], [3, 13, 4, 12], [14, 6, 15, 5], [16, 2, 17, 1], [13, 18, 14, 19], [20, 11, 21, 12], [22, 9, 23, 10]]"
12n_0612_reversed_414,"[[22, 9, 23, 10], [24, 22, 1, 21], [2, 18, 3, 17], [19, 5, 20, 4], [6, 16, 7, 15], [8, 23, 9, 24], [10, 8, 11, 7], [3, 13, 4, 12], [14, 6, 15, 5], [16, 2, 17, 1], [13, 18, 14, 19], [20, 11, 21, 12]]"
12n_0612_reversed_415,"[[20, 11, 21, 12], [22, 9, 23, 10], [24, 22, 1, 21], [2, 18, 3, 17], [19, 5, 20, 4], [6, 16, 7, 15], [8, 23, 9, 24], [10, 8, 11, 7], [3, 13, 4, 12], [14, 6, 15, 5], [16, 2, 17, 1], [13, 18, 14, 19]]"
12n_0612_reversed_416,"[[13, 18, 14, 19], [20, 11, 21, 12], [22, 9, 23, 10], [24, 22, 1, 21], [2, 18, 3, 17], [19, 5, 20, 4], [6, 16, 7, 15], [8, 23, 9, 24], [10, 8, 11, 7], [3, 13, 4, 12], [14, 6, 15, 5], [16, 2, 17, 1]]"
12n_0612_reversed_417,"[[16, 2, 17, 1], [13, 18, 14, 19], [20, 11, 21, 12], [22, 9, 23, 10], [24, 22, 1, 21], [2, 18, 3, 17], [19, 5, 20, 4], [6, 16, 7, 15], [8, 23, 9, 24], [10, 8, 11, 7], [3, 13, 4, 12], [14, 6, 15, 5]]"
12n_0612_reversed_418,"[[14, 6, 15, 5], [16, 2, 17, 1], [13, 18, 14, 19], [20, 11, 21, 12], [22, 9, 23, 10], [24, 22, 1, 21], [2, 18, 3, 17], [19, 5, 20, 4], [6, 16, 7, 15], [8, 23, 9, 24], [10, 8, 11, 7], [3, 13, 4, 12]]"
12n_0612_reversed_419,"[[3, 13, 4, 12], [14, 6, 15, 5], [16, 2, 17, 1], [13, 18, 14, 19], [20, 11, 21, 12], [22, 9, 23, 10], [24, 22, 1, 21], [2, 18, 3, 17], [19, 5, 20, 4], [6, 16, 7, 15], [8, 23, 9, 24], [10, 8, 11, 7]]"
12n_0612_reversed_420,"[[11, 9, 12, 8], [4, 14, 5, 13], [15, 7, 16, 6], [17, 3, 18, 2], [14, 19, 15, 20], [21, 12, 22, 13], [23, 10, 24, 11], [1, 23, 2, 22], [3, 19, 4, 18], [20, 6, 21, 5], [7, 17, 8, 16], [9, 24, 10, 1]]"
12n_0612_reversed_421,"[[9, 24, 10, 1], [11, 9, 12, 8], [4, 14, 5, 13], [15, 7, 16, 6], [17, 3, 18, 2], [14, 19, 15, 20], [21, 12, 22, 13], [23, 10, 24, 11], [1, 23, 2, 22], [3, 19, 4, 18], [20, 6, 21, 5], [7, 17, 8, 16]]"
12n_0612_reversed_422,"[[7, 17, 8, 16], [9, 24, 10, 1], [11, 9, 12, 8], [4, 14, 5, 13], [15, 7, 16, 6], [17, 3, 18, 2], [14, 19, 15, 20], [21, 12, 22, 13], [23, 10, 24, 11], [1, 23, 2, 22], [3, 19, 4, 18], [20, 6, 21, 5]]"
12n_0612_reversed_423,"[[20, 6, 21, 5], [7, 17, 8, 16], [9, 24, 10, 1], [11, 9, 12, 8], [4, 14, 5, 13], [15, 7, 16, 6], [17, 3, 18, 2], [14, 19, 15, 20], [21, 12, 22, 13], [23, 10, 24, 11], [1, 23, 2, 22], [3, 19, 4, 18]]"
12n_0612_reversed_424,"[[3, 19, 4, 18], [20, 6, 21, 5], [7, 17, 8, 16], [9, 24, 10, 1], [11, 9, 12, 8], [4, 14, 5, 13], [15, 7, 16, 6], [17, 3, 18, 2], [14, 19, 15, 20], [21, 12, 22, 13], [23, 10, 24, 11], [1, 23, 2, 22]]"
12n_0612_reversed_425,"[[1, 23, 2, 22], [3, 19, 4, 18], [20, 6, 21, 5], [7, 17, 8, 16], [9, 24, 10, 1], [11, 9, 12, 8], [4, 14, 5, 13], [15, 7, 16, 6], [17, 3, 18, 2], [14, 19, 15, 20], [21, 12, 22, 13], [23, 10, 24, 11]]"
12n_0612_reversed_426,"[[23, 10, 24, 11], [1, 23, 2, 22], [3, 19, 4, 18], [20, 6, 21, 5], [7, 17, 8, 16], [9, 24, 10, 1], [11, 9, 12, 8], [4, 14, 5, 13], [15, 7, 16, 6], [17, 3, 18, 2], [14, 19, 15, 20], [21, 12, 22, 13]]"
12n_0612_reversed_427,"[[21, 12, 22, 13], [23, 10, 24, 11], [1, 23, 2, 22], [3, 19, 4, 18], [20, 6, 21, 5], [7, 17, 8, 16], [9, 24, 10, 1], [11, 9, 12, 8], [4, 14, 5, 13], [15, 7, 16, 6], [17, 3, 18, 2], [14, 19, 15, 20]]"
12n_0612_reversed_428,"[[14, 19, 15, 20], [21, 12, 22, 13], [23, 10, 24, 11], [1, 23, 2, 22], [3, 19, 4, 18], [20, 6, 21, 5], [7, 17, 8, 16], [9, 24, 10, 1], [11, 9, 12, 8], [4, 14, 5, 13], [15, 7, 16, 6], [17, 3, 18, 2]]"
12n_0612_reversed_429,"[[17, 3, 18, 2], [14, 19, 15, 20], [21, 12, 22, 13], [23, 10, 24, 11], [1, 23, 2, 22], [3, 19, 4, 18], [20, 6, 21, 5], [7, 17, 8, 16], [9, 24, 10, 1], [11, 9, 12, 8], [4, 14, 5, 13], [15, 7, 16, 6]]"
12n_0612_reversed_430,"[[15, 7, 16, 6], [17, 3, 18, 2], [14, 19, 15, 20], [21, 12, 22, 13], [23, 10, 24, 11], [1, 23, 2, 22], [3, 19, 4, 18], [20, 6, 21, 5], [7, 17, 8, 16], [9, 24, 10, 1], [11, 9, 12, 8], [4, 14, 5, 13]]"
12n_0612_reversed_431,"[[4, 14, 5, 13], [15, 7, 16, 6], [17, 3, 18, 2], [14, 19, 15, 20], [21, 12, 22, 13], [23, 10, 24, 11], [1, 23, 2, 22], [3, 19, 4, 18], [20, 6, 21, 5], [7, 17, 8, 16], [9, 24, 10, 1], [11, 9, 12, 8]]"
12n_0612_reversed_432,"[[12, 10, 13, 9], [5, 15, 6, 14], [16, 8, 17, 7], [18, 4, 19, 3], [15, 20, 16, 21], [22, 13, 23, 14], [24, 11, 1, 12], [2, 24, 3, 23], [4, 20, 5, 19], [21, 7, 22, 6], [8, 18, 9, 17], [10, 1, 11, 2]]"
12n_0612_reversed_433,"[[10, 1, 11, 2], [12, 10, 13, 9], [5, 15, 6, 14], [16, 8, 17, 7], [18, 4, 19, 3], [15, 20, 16, 21], [22, 13, 23, 14], [24, 11, 1, 12], [2, 24, 3, 23], [4, 20, 5, 19], [21, 7, 22, 6], [8, 18, 9, 17]]"
12n_0612_reversed_434,"[[8, 18, 9, 17], [10, 1, 11, 2], [12, 10, 13, 9], [5, 15, 6, 14], [16, 8, 17, 7], [18, 4, 19, 3], [15, 20, 16, 21], [22, 13, 23, 14], [24, 11, 1, 12], [2, 24, 3, 23], [4, 20, 5, 19], [21, 7, 22, 6]]"
12n_0612_reversed_435,"[[21, 7, 22, 6], [8, 18, 9, 17], [10, 1, 11, 2], [12, 10, 13, 9], [5, 15, 6, 14], [16, 8, 17, 7], [18, 4, 19, 3], [15, 20, 16, 21], [22, 13, 23, 14], [24, 11, 1, 12], [2, 24, 3, 23], [4, 20, 5, 19]]"
12n_0612_reversed_436,"[[4, 20, 5, 19], [21, 7, 22, 6], [8, 18, 9, 17], [10, 1, 11, 2], [12, 10, 13, 9], [5, 15, 6, 14], [16, 8, 17, 7], [18, 4, 19, 3], [15, 20, 16, 21], [22, 13, 23, 14], [24, 11, 1, 12], [2, 24, 3, 23]]"
12n_0612_reversed_437,"[[2, 24, 3, 23], [4, 20, 5, 19], [21, 7, 22, 6], [8, 18, 9, 17], [10, 1, 11, 2], [12, 10, 13, 9], [5, 15, 6, 14], [16, 8, 17, 7], [18, 4, 19, 3], [15, 20, 16, 21], [22, 13, 23, 14], [24, 11, 1, 12]]"
12n_0612_reversed_438,"[[24, 11, 1, 12], [2, 24, 3, 23], [4, 20, 5, 19], [21, 7, 22, 6], [8, 18, 9, 17], [10, 1, 11, 2], [12, 10, 13, 9], [5, 15, 6, 14], [16, 8, 17, 7], [18, 4, 19, 3], [15, 20, 16, 21], [22, 13, 23, 14]]"
12n_0612_reversed_439,"[[22, 13, 23, 14], [24, 11, 1, 12], [2, 24, 3, 23], [4, 20, 5, 19], [21, 7, 22, 6], [8, 18, 9, 17], [10, 1, 11, 2], [12, 10, 13, 9], [5, 15, 6, 14], [16, 8, 17, 7], [18, 4, 19, 3], [15, 20, 16, 21]]"
12n_0612_reversed_440,"[[15, 20, 16, 21], [22, 13, 23, 14], [24, 11, 1, 12], [2, 24, 3, 23], [4, 20, 5, 19], [21, 7, 22, 6], [8, 18, 9, 17], [10, 1, 11, 2], [12, 10, 13, 9], [5, 15, 6, 14], [16, 8, 17, 7], [18, 4, 19, 3]]"
12n_0612_reversed_441,"[[18, 4, 19, 3], [15, 20, 16, 21], [22, 13, 23, 14], [24, 11, 1, 12], [2, 24, 3, 23], [4, 20, 5, 19], [21, 7, 22, 6], [8, 18, 9, 17], [10, 1, 11, 2], [12, 10, 13, 9], [5, 15, 6, 14], [16, 8, 17, 7]]"
12n_0612_reversed_442,"[[16, 8, 17, 7], [18, 4, 19, 3], [15, 20, 16, 21], [22, 13, 23, 14], [24, 11, 1, 12], [2, 24, 3, 23], [4, 20, 5, 19], [21, 7, 22, 6], [8, 18, 9, 17], [10, 1, 11, 2], [12, 10, 13, 9], [5, 15, 6, 14]]"
12n_0612_reversed_443,"[[5, 15, 6, 14], [16, 8, 17, 7], [18, 4, 19, 3], [15, 20, 16, 21], [22, 13, 23, 14], [24, 11, 1, 12], [2, 24, 3, 23], [4, 20, 5, 19], [21, 7, 22, 6], [8, 18, 9, 17], [10, 1, 11, 2], [12, 10, 13, 9]]"
12n_0612_reversed_444,"[[13, 11, 14, 10], [6, 16, 7, 15], [17, 9, 18, 8], [19, 5, 20, 4], [16, 21, 17, 22], [23, 14, 24, 15], [1, 12, 2, 13], [3, 1, 4, 24], [5, 21, 6, 20], [22, 8, 23, 7], [9, 19, 10, 18], [11, 2, 12, 3]]"
12n_0612_reversed_445,"[[11, 2, 12, 3], [13, 11, 14, 10], [6, 16, 7, 15], [17, 9, 18, 8], [19, 5, 20, 4], [16, 21, 17, 22], [23, 14, 24, 15], [1, 12, 2, 13], [3, 1, 4, 24], [5, 21, 6, 20], [22, 8, 23, 7], [9, 19, 10, 18]]"
12n_0612_reversed_446,"[[9, 19, 10, 18], [11, 2, 12, 3], [13, 11, 14, 10], [6, 16, 7, 15], [17, 9, 18, 8], [19, 5, 20, 4], [16, 21, 17, 22], [23, 14, 24, 15], [1, 12, 2, 13], [3, 1, 4, 24], [5, 21, 6, 20], [22, 8, 23, 7]]"
12n_0612_reversed_447,"[[22, 8, 23, 7], [9, 19, 10, 18], [11, 2, 12, 3], [13, 11, 14, 10], [6, 16, 7, 15], [17, 9, 18, 8], [19, 5, 20, 4], [16, 21, 17, 22], [23, 14, 24, 15], [1, 12, 2, 13], [3, 1, 4, 24], [5, 21, 6, 20]]"
12n_0612_reversed_448,"[[5, 21, 6, 20], [22, 8, 23, 7], [9, 19, 10, 18], [11, 2, 12, 3], [13, 11, 14, 10], [6, 16, 7, 15], [17, 9, 18, 8], [19, 5, 20, 4], [16, 21, 17, 22], [23, 14, 24, 15], [1, 12, 2, 13], [3, 1, 4, 24]]"
12n_0612_reversed_449,"[[3, 1, 4, 24], [5, 21, 6, 20], [22, 8, 23, 7], [9, 19, 10, 18], [11, 2, 12, 3], [13, 11, 14, 10], [6, 16, 7, 15], [17, 9, 18, 8], [19, 5, 20, 4], [16, 21, 17, 22], [23, 14, 24, 15], [1, 12, 2, 13]]"
12n_0612_reversed_450,"[[1, 12, 2, 13], [3, 1, 4, 24], [5, 21, 6, 20], [22, 8, 23, 7], [9, 19, 10, 18], [11, 2, 12, 3], [13, 11, 14, 10], [6, 16, 7, 15], [17, 9, 18, 8], [19, 5, 20, 4], [16, 21, 17, 22], [23, 14, 24, 15]]"
12n_0612_reversed_451,"[[23, 14, 24, 15], [1, 12, 2, 13], [3, 1, 4, 24], [5, 21, 6, 20], [22, 8, 23, 7], [9, 19, 10, 18], [11, 2, 12, 3], [13, 11, 14, 10], [6, 16, 7, 15], [17, 9, 18, 8], [19, 5, 20, 4], [16, 21, 17, 22]]"
12n_0612_reversed_452,"[[16, 21, 17, 22], [23, 14, 24, 15], [1, 12, 2, 13], [3, 1, 4, 24], [5, 21, 6, 20], [22, 8, 23, 7], [9, 19, 10, 18], [11, 2, 12, 3], [13, 11, 14, 10], [6, 16, 7, 15], [17, 9, 18, 8], [19, 5, 20, 4]]"
12n_0612_reversed_453,"[[19, 5, 20, 4], [16, 21, 17, 22], [23, 14, 24, 15], [1, 12, 2, 13], [3, 1, 4, 24], [5, 21, 6, 20], [22, 8, 23, 7], [9, 19, 10, 18], [11, 2, 12, 3], [13, 11, 14, 10], [6, 16, 7, 15], [17, 9, 18, 8]]"
12n_0612_reversed_454,"[[17, 9, 18, 8], [19, 5, 20, 4], [16, 21, 17, 22], [23, 14, 24, 15], [1, 12, 2, 13], [3, 1, 4, 24], [5, 21, 6, 20], [22, 8, 23, 7], [9, 19, 10, 18], [11, 2, 12, 3], [13, 11, 14, 10], [6, 16, 7, 15]]"
12n_0612_reversed_455,"[[6, 16, 7, 15], [17, 9, 18, 8], [19, 5, 20, 4], [16, 21, 17, 22], [23, 14, 24, 15], [1, 12, 2, 13], [3, 1, 4, 24], [5, 21, 6, 20], [22, 8, 23, 7], [9, 19, 10, 18], [11, 2, 12, 3], [13, 11, 14, 10]]"
12n_0612_reversed_456,"[[14, 12, 15, 11], [7, 17, 8, 16], [18, 10, 19, 9], [20, 6, 21, 5], [17, 22, 18, 23], [24, 15, 1, 16], [2, 13, 3, 14], [4, 2, 5, 1], [6, 22, 7, 21], [23, 9, 24, 8], [10, 20, 11, 19], [12, 3, 13, 4]]"
12n_0612_reversed_457,"[[12, 3, 13, 4], [14, 12, 15, 11], [7, 17, 8, 16], [18, 10, 19, 9], [20, 6, 21, 5], [17, 22, 18, 23], [24, 15, 1, 16], [2, 13, 3, 14], [4, 2, 5, 1], [6, 22, 7, 21], [23, 9, 24, 8], [10, 20, 11, 19]]"
12n_0612_reversed_458,"[[10, 20, 11, 19], [12, 3, 13, 4], [14, 12, 15, 11], [7, 17, 8, 16], [18, 10, 19, 9], [20, 6, 21, 5], [17, 22, 18, 23], [24, 15, 1, 16], [2, 13, 3, 14], [4, 2, 5, 1], [6, 22, 7, 21], [23, 9, 24, 8]]"
12n_0612_reversed_459,"[[23, 9, 24, 8], [10, 20, 11, 19], [12, 3, 13, 4], [14, 12, 15, 11], [7, 17, 8, 16], [18, 10, 19, 9], [20, 6, 21, 5], [17, 22, 18, 23], [24, 15, 1, 16], [2, 13, 3, 14], [4, 2, 5, 1], [6, 22, 7, 21]]"
12n_0612_reversed_460,"[[6, 22, 7, 21], [23, 9, 24, 8], [10, 20, 11, 19], [12, 3, 13, 4], [14, 12, 15, 11], [7, 17, 8, 16], [18, 10, 19, 9], [20, 6, 21, 5], [17, 22, 18, 23], [24, 15, 1, 16], [2, 13, 3, 14], [4, 2, 5, 1]]"
12n_0612_reversed_461,"[[4, 2, 5, 1], [6, 22, 7, 21], [23, 9, 24, 8], [10, 20, 11, 19], [12, 3, 13, 4], [14, 12, 15, 11], [7, 17, 8, 16], [18, 10, 19, 9], [20, 6, 21, 5], [17, 22, 18, 23], [24, 15, 1, 16], [2, 13, 3, 14]]"
12n_0612_reversed_462,"[[2, 13, 3, 14], [4, 2, 5, 1], [6, 22, 7, 21], [23, 9, 24, 8], [10, 20, 11, 19], [12, 3, 13, 4], [14, 12, 15, 11], [7, 17, 8, 16], [18, 10, 19, 9], [20, 6, 21, 5], [17, 22, 18, 23], [24, 15, 1, 16]]"
12n_0612_reversed_463,"[[24, 15, 1, 16], [2, 13, 3, 14], [4, 2, 5, 1], [6, 22, 7, 21], [23, 9, 24, 8], [10, 20, 11, 19], [12, 3, 13, 4], [14, 12, 15, 11], [7, 17, 8, 16], [18, 10, 19, 9], [20, 6, 21, 5], [17, 22, 18, 23]]"
12n_0612_reversed_464,"[[17, 22, 18, 23], [24, 15, 1, 16], [2, 13, 3, 14], [4, 2, 5, 1], [6, 22, 7, 21], [23, 9, 24, 8], [10, 20, 11, 19], [12, 3, 13, 4], [14, 12, 15, 11], [7, 17, 8, 16], [18, 10, 19, 9], [20, 6, 21, 5]]"
12n_0612_reversed_465,"[[20, 6, 21, 5], [17, 22, 18, 23], [24, 15, 1, 16], [2, 13, 3, 14], [4, 2, 5, 1], [6, 22, 7, 21], [23, 9, 24, 8], [10, 20, 11, 19], [12, 3, 13, 4], [14, 12, 15, 11], [7, 17, 8, 16], [18, 10, 19, 9]]"
12n_0612_reversed_466,"[[18, 10, 19, 9], [20, 6, 21, 5], [17, 22, 18, 23], [24, 15, 1, 16], [2, 13, 3, 14], [4, 2, 5, 1], [6, 22, 7, 21], [23, 9, 24, 8], [10, 20, 11, 19], [12, 3, 13, 4], [14, 12, 15, 11], [7, 17, 8, 16]]"
12n_0612_reversed_467,"[[7, 17, 8, 16], [18, 10, 19, 9], [20, 6, 21, 5], [17, 22, 18, 23], [24, 15, 1, 16], [2, 13, 3, 14], [4, 2, 5, 1], [6, 22, 7, 21], [23, 9, 24, 8], [10, 20, 11, 19], [12, 3, 13, 4], [14, 12, 15, 11]]"
12n_0612_reversed_468,"[[15, 13, 16, 12], [8, 18, 9, 17], [19, 11, 20, 10], [21, 7, 22, 6], [18, 23, 19, 24], [1, 16, 2, 17], [3, 14, 4, 15], [5, 3, 6, 2], [7, 23, 8, 22], [24, 10, 1, 9], [11, 21, 12, 20], [13, 4, 14, 5]]"
12n_0612_reversed_469,"[[13, 4, 14, 5], [15, 13, 16, 12], [8, 18, 9, 17], [19, 11, 20, 10], [21, 7, 22, 6], [18, 23, 19, 24], [1, 16, 2, 17], [3, 14, 4, 15], [5, 3, 6, 2], [7, 23, 8, 22], [24, 10, 1, 9], [11, 21, 12, 20]]"
12n_0612_reversed_470,"[[11, 21, 12, 20], [13, 4, 14, 5], [15, 13, 16, 12], [8, 18, 9, 17], [19, 11, 20, 10], [21, 7, 22, 6], [18, 23, 19, 24], [1, 16, 2, 17], [3, 14, 4, 15], [5, 3, 6, 2], [7, 23, 8, 22], [24, 10, 1, 9]]"
12n_0612_reversed_471,"[[24, 10, 1, 9], [11, 21, 12, 20], [13, 4, 14, 5], [15, 13, 16, 12], [8, 18, 9, 17], [19, 11, 20, 10], [21, 7, 22, 6], [18, 23, 19, 24], [1, 16, 2, 17], [3, 14, 4, 15], [5, 3, 6, 2], [7, 23, 8, 22]]"
12n_0612_reversed_472,"[[7, 23, 8, 22], [24, 10, 1, 9], [11, 21, 12, 20], [13, 4, 14, 5], [15, 13, 16, 12], [8, 18, 9, 17], [19, 11, 20, 10], [21, 7, 22, 6], [18, 23, 19, 24], [1, 16, 2, 17], [3, 14, 4, 15], [5, 3, 6, 2]]"
12n_0612_reversed_473,"[[5, 3, 6, 2], [7, 23, 8, 22], [24, 10, 1, 9], [11, 21, 12, 20], [13, 4, 14, 5], [15, 13, 16, 12], [8, 18, 9, 17], [19, 11, 20, 10], [21, 7, 22, 6], [18, 23, 19, 24], [1, 16, 2, 17], [3, 14, 4, 15]]"
12n_0612_reversed_474,"[[3, 14, 4, 15], [5, 3, 6, 2], [7, 23, 8, 22], [24, 10, 1, 9], [11, 21, 12, 20], [13, 4, 14, 5], [15, 13, 16, 12], [8, 18, 9, 17], [19, 11, 20, 10], [21, 7, 22, 6], [18, 23, 19, 24], [1, 16, 2, 17]]"
12n_0612_reversed_475,"[[1, 16, 2, 17], [3, 14, 4, 15], [5, 3, 6, 2], [7, 23, 8, 22], [24, 10, 1, 9], [11, 21, 12, 20], [13, 4, 14, 5], [15, 13, 16, 12], [8, 18, 9, 17], [19, 11, 20, 10], [21, 7, 22, 6], [18, 23, 19, 24]]"
12n_0612_reversed_476,"[[18, 23, 19, 24], [1, 16, 2, 17], [3, 14, 4, 15], [5, 3, 6, 2], [7, 23, 8, 22], [24, 10, 1, 9], [11, 21, 12, 20], [13, 4, 14, 5], [15, 13, 16, 12], [8, 18, 9, 17], [19, 11, 20, 10], [21, 7, 22, 6]]"
12n_0612_reversed_477,"[[21, 7, 22, 6], [18, 23, 19, 24], [1, 16, 2, 17], [3, 14, 4, 15], [5, 3, 6, 2], [7, 23, 8, 22], [24, 10, 1, 9], [11, 21, 12, 20], [13, 4, 14, 5], [15, 13, 16, 12], [8, 18, 9, 17], [19, 11, 20, 10]]"
12n_0612_reversed_478,"[[19, 11, 20, 10], [21, 7, 22, 6], [18, 23, 19, 24], [1, 16, 2, 17], [3, 14, 4, 15], [5, 3, 6, 2], [7, 23, 8, 22], [24, 10, 1, 9], [11, 21, 12, 20], [13, 4, 14, 5], [15, 13, 16, 12], [8, 18, 9, 17]]"
12n_0612_reversed_479,"[[8, 18, 9, 17], [19, 11, 20, 10], [21, 7, 22, 6], [18, 23, 19, 24], [1, 16, 2, 17], [3, 14, 4, 15], [5, 3, 6, 2], [7, 23, 8, 22], [24, 10, 1, 9], [11, 21, 12, 20], [13, 4, 14, 5], [15, 13, 16, 12]]"
12n_0612_reversed_480,"[[16, 14, 17, 13], [9, 19, 10, 18], [20, 12, 21, 11], [22, 8, 23, 7], [19, 24, 20, 1], [2, 17, 3, 18], [4, 15, 5, 16], [6, 4, 7, 3], [8, 24, 9, 23], [1, 11, 2, 10], [12, 22, 13, 21], [14, 5, 15, 6]]"
12n_0612_reversed_481,"[[14, 5, 15, 6], [16, 14, 17, 13], [9, 19, 10, 18], [20, 12, 21, 11], [22, 8, 23, 7], [19, 24, 20, 1], [2, 17, 3, 18], [4, 15, 5, 16], [6, 4, 7, 3], [8, 24, 9, 23], [1, 11, 2, 10], [12, 22, 13, 21]]"
12n_0612_reversed_482,"[[12, 22, 13, 21], [14, 5, 15, 6], [16, 14, 17, 13], [9, 19, 10, 18], [20, 12, 21, 11], [22, 8, 23, 7], [19, 24, 20, 1], [2, 17, 3, 18], [4, 15, 5, 16], [6, 4, 7, 3], [8, 24, 9, 23], [1, 11, 2, 10]]"
12n_0612_reversed_483,"[[1, 11, 2, 10], [12, 22, 13, 21], [14, 5, 15, 6], [16, 14, 17, 13], [9, 19, 10, 18], [20, 12, 21, 11], [22, 8, 23, 7], [19, 24, 20, 1], [2, 17, 3, 18], [4, 15, 5, 16], [6, 4, 7, 3], [8, 24, 9, 23]]"
12n_0612_reversed_484,"[[8, 24, 9, 23], [1, 11, 2, 10], [12, 22, 13, 21], [14, 5, 15, 6], [16, 14, 17, 13], [9, 19, 10, 18], [20, 12, 21, 11], [22, 8, 23, 7], [19, 24, 20, 1], [2, 17, 3, 18], [4, 15, 5, 16], [6, 4, 7, 3]]"
12n_0612_reversed_485,"[[6, 4, 7, 3], [8, 24, 9, 23], [1, 11, 2, 10], [12, 22, 13, 21], [14, 5, 15, 6], [16, 14, 17, 13], [9, 19, 10, 18], [20, 12, 21, 11], [22, 8, 23, 7], [19, 24, 20, 1], [2, 17, 3, 18], [4, 15, 5, 16]]"
12n_0612_reversed_486,"[[4, 15, 5, 16], [6, 4, 7, 3], [8, 24, 9, 23], [1, 11, 2, 10], [12, 22, 13, 21], [14, 5, 15, 6], [16, 14, 17, 13], [9, 19, 10, 18], [20, 12, 21, 11], [22, 8, 23, 7], [19, 24, 20, 1], [2, 17, 3, 18]]"
12n_0612_reversed_487,"[[2, 17, 3, 18], [4, 15, 5, 16], [6, 4, 7, 3], [8, 24, 9, 23], [1, 11, 2, 10], [12, 22, 13, 21], [14, 5, 15, 6], [16, 14, 17, 13], [9, 19, 10, 18], [20, 12, 21, 11], [22, 8, 23, 7], [19, 24, 20, 1]]"
12n_0612_reversed_488,"[[19, 24, 20, 1], [2, 17, 3, 18], [4, 15, 5, 16], [6, 4, 7, 3], [8, 24, 9, 23], [1, 11, 2, 10], [12, 22, 13, 21], [14, 5, 15, 6], [16, 14, 17, 13], [9, 19, 10, 18], [20, 12, 21, 11], [22, 8, 23, 7]]"
12n_0612_reversed_489,"[[22, 8, 23, 7], [19, 24, 20, 1], [2, 17, 3, 18], [4, 15, 5, 16], [6, 4, 7, 3], [8, 24, 9, 23], [1, 11, 2, 10], [12, 22, 13, 21], [14, 5, 15, 6], [16, 14, 17, 13], [9, 19, 10, 18], [20, 12, 21, 11]]"
12n_0612_reversed_490,"[[20, 12, 21, 11], [22, 8, 23, 7], [19, 24, 20, 1], [2, 17, 3, 18], [4, 15, 5, 16], [6, 4, 7, 3], [8, 24, 9, 23], [1, 11, 2, 10], [12, 22, 13, 21], [14, 5, 15, 6], [16, 14, 17, 13], [9, 19, 10, 18]]"
12n_0612_reversed_491,"[[9, 19, 10, 18], [20, 12, 21, 11], [22, 8, 23, 7], [19, 24, 20, 1], [2, 17, 3, 18], [4, 15, 5, 16], [6, 4, 7, 3], [8, 24, 9, 23], [1, 11, 2, 10], [12, 22, 13, 21], [14, 5, 15, 6], [16, 14, 17, 13]]"
12n_0612_reversed_492,"[[17, 15, 18, 14], [10, 20, 11, 19], [21, 13, 22, 12], [23, 9, 24, 8], [20, 1, 21, 2], [3, 18, 4, 19], [5, 16, 6, 17], [7, 5, 8, 4], [9, 1, 10, 24], [2, 12, 3, 11], [13, 23, 14, 22], [15, 6, 16, 7]]"
12n_0612_reversed_493,"[[15, 6, 16, 7], [17, 15, 18, 14], [10, 20, 11, 19], [21, 13, 22, 12], [23, 9, 24, 8], [20, 1, 21, 2], [3, 18, 4, 19], [5, 16, 6, 17], [7, 5, 8, 4], [9, 1, 10, 24], [2, 12, 3, 11], [13, 23, 14, 22]]"
12n_0612_reversed_494,"[[13, 23, 14, 22], [15, 6, 16, 7], [17, 15, 18, 14], [10, 20, 11, 19], [21, 13, 22, 12], [23, 9, 24, 8], [20, 1, 21, 2], [3, 18, 4, 19], [5, 16, 6, 17], [7, 5, 8, 4], [9, 1, 10, 24], [2, 12, 3, 11]]"
12n_0612_reversed_495,"[[2, 12, 3, 11], [13, 23, 14, 22], [15, 6, 16, 7], [17, 15, 18, 14], [10, 20, 11, 19], [21, 13, 22, 12], [23, 9, 24, 8], [20, 1, 21, 2], [3, 18, 4, 19], [5, 16, 6, 17], [7, 5, 8, 4], [9, 1, 10, 24]]"
12n_0612_reversed_496,"[[9, 1, 10, 24], [2, 12, 3, 11], [13, 23, 14, 22], [15, 6, 16, 7], [17, 15, 18, 14], [10, 20, 11, 19], [21, 13, 22, 12], [23, 9, 24, 8], [20, 1, 21, 2], [3, 18, 4, 19], [5, 16, 6, 17], [7, 5, 8, 4]]"
12n_0612_reversed_497,"[[7, 5, 8, 4], [9, 1, 10, 24], [2, 12, 3, 11], [13, 23, 14, 22], [15, 6, 16, 7], [17, 15, 18, 14], [10, 20, 11, 19], [21, 13, 22, 12], [23, 9, 24, 8], [20, 1, 21, 2], [3, 18, 4, 19], [5, 16, 6, 17]]"
12n_0612_reversed_498,"[[5, 16, 6, 17], [7, 5, 8, 4], [9, 1, 10, 24], [2, 12, 3, 11], [13, 23, 14, 22], [15, 6, 16, 7], [17, 15, 18, 14], [10, 20, 11, 19], [21, 13, 22, 12], [23, 9, 24, 8], [20, 1, 21, 2], [3, 18, 4, 19]]"
12n_0612_reversed_499,"[[3, 18, 4, 19], [5, 16, 6, 17], [7, 5, 8, 4], [9, 1, 10, 24], [2, 12, 3, 11], [13, 23, 14, 22], [15, 6, 16, 7], [17, 15, 18, 14], [10, 20, 11, 19], [21, 13, 22, 12], [23, 9, 24, 8], [20, 1, 21, 2]]"
12n_0612_reversed_500,"[[20, 1, 21, 2], [3, 18, 4, 19], [5, 16, 6, 17], [7, 5, 8, 4], [9, 1, 10, 24], [2, 12, 3, 11], [13, 23, 14, 22], [15, 6, 16, 7], [17, 15, 18, 14], [10, 20, 11, 19], [21, 13, 22, 12], [23, 9, 24, 8]]"
12n_0612_reversed_501,"[[23, 9, 24, 8], [20, 1, 21, 2], [3, 18, 4, 19], [5, 16, 6, 17], [7, 5, 8, 4], [9, 1, 10, 24], [2, 12, 3, 11], [13, 23, 14, 22], [15, 6, 16, 7], [17, 15, 18, 14], [10, 20, 11, 19], [21, 13, 22, 12]]"
12n_0612_reversed_502,"[[21, 13, 22, 12], [23, 9, 24, 8], [20, 1, 21, 2], [3, 18, 4, 19], [5, 16, 6, 17], [7, 5, 8, 4], [9, 1, 10, 24], [2, 12, 3, 11], [13, 23, 14, 22], [15, 6, 16, 7], [17, 15, 18, 14], [10, 20, 11, 19]]"
12n_0612_reversed_503,"[[10, 20, 11, 19], [21, 13, 22, 12], [23, 9, 24, 8], [20, 1, 21, 2], [3, 18, 4, 19], [5, 16, 6, 17], [7, 5, 8, 4], [9, 1, 10, 24], [2, 12, 3, 11], [13, 23, 14, 22], [15, 6, 16, 7], [17, 15, 18, 14]]"
12n_0612_reversed_504,"[[18, 16, 19, 15], [11, 21, 12, 20], [22, 14, 23, 13], [24, 10, 1, 9], [21, 2, 22, 3], [4, 19, 5, 20], [6, 17, 7, 18], [8, 6, 9, 5], [10, 2, 11, 1], [3, 13, 4, 12], [14, 24, 15, 23], [16, 7, 17, 8]]"
12n_0612_reversed_505,"[[16, 7, 17, 8], [18, 16, 19, 15], [11, 21, 12, 20], [22, 14, 23, 13], [24, 10, 1, 9], [21, 2, 22, 3], [4, 19, 5, 20], [6, 17, 7, 18], [8, 6, 9, 5], [10, 2, 11, 1], [3, 13, 4, 12], [14, 24, 15, 23]]"
12n_0612_reversed_506,"[[14, 24, 15, 23], [16, 7, 17, 8], [18, 16, 19, 15], [11, 21, 12, 20], [22, 14, 23, 13], [24, 10, 1, 9], [21, 2, 22, 3], [4, 19, 5, 20], [6, 17, 7, 18], [8, 6, 9, 5], [10, 2, 11, 1], [3, 13, 4, 12]]"
12n_0612_reversed_507,"[[3, 13, 4, 12], [14, 24, 15, 23], [16, 7, 17, 8], [18, 16, 19, 15], [11, 21, 12, 20], [22, 14, 23, 13], [24, 10, 1, 9], [21, 2, 22, 3], [4, 19, 5, 20], [6, 17, 7, 18], [8, 6, 9, 5], [10, 2, 11, 1]]"
12n_0612_reversed_508,"[[10, 2, 11, 1], [3, 13, 4, 12], [14, 24, 15, 23], [16, 7, 17, 8], [18, 16, 19, 15], [11, 21, 12, 20], [22, 14, 23, 13], [24, 10, 1, 9], [21, 2, 22, 3], [4, 19, 5, 20], [6, 17, 7, 18], [8, 6, 9, 5]]"
12n_0612_reversed_509,"[[8, 6, 9, 5], [10, 2, 11, 1], [3, 13, 4, 12], [14, 24, 15, 23], [16, 7, 17, 8], [18, 16, 19, 15], [11, 21, 12, 20], [22, 14, 23, 13], [24, 10, 1, 9], [21, 2, 22, 3], [4, 19, 5, 20], [6, 17, 7, 18]]"
12n_0612_reversed_510,"[[6, 17, 7, 18], [8, 6, 9, 5], [10, 2, 11, 1], [3, 13, 4, 12], [14, 24, 15, 23], [16, 7, 17, 8], [18, 16, 19, 15], [11, 21, 12, 20], [22, 14, 23, 13], [24, 10, 1, 9], [21, 2, 22, 3], [4, 19, 5, 20]]"
12n_0612_reversed_511,"[[4, 19, 5, 20], [6, 17, 7, 18], [8, 6, 9, 5], [10, 2, 11, 1], [3, 13, 4, 12], [14, 24, 15, 23], [16, 7, 17, 8], [18, 16, 19, 15], [11, 21, 12, 20], [22, 14, 23, 13], [24, 10, 1, 9], [21, 2, 22, 3]]"
12n_0612_reversed_512,"[[21, 2, 22, 3], [4, 19, 5, 20], [6, 17, 7, 18], [8, 6, 9, 5], [10, 2, 11, 1], [3, 13, 4, 12], [14, 24, 15, 23], [16, 7, 17, 8], [18, 16, 19, 15], [11, 21, 12, 20], [22, 14, 23, 13], [24, 10, 1, 9]]"
12n_0612_reversed_513,"[[24, 10, 1, 9], [21, 2, 22, 3], [4, 19, 5, 20], [6, 17, 7, 18], [8, 6, 9, 5], [10, 2, 11, 1], [3, 13, 4, 12], [14, 24, 15, 23], [16, 7, 17, 8], [18, 16, 19, 15], [11, 21, 12, 20], [22, 14, 23, 13]]"
12n_0612_reversed_514,"[[22, 14, 23, 13], [24, 10, 1, 9], [21, 2, 22, 3], [4, 19, 5, 20], [6, 17, 7, 18], [8, 6, 9, 5], [10, 2, 11, 1], [3, 13, 4, 12], [14, 24, 15, 23], [16, 7, 17, 8], [18, 16, 19, 15], [11, 21, 12, 20]]"
12n_0612_reversed_515,"[[11, 21, 12, 20], [22, 14, 23, 13], [24, 10, 1, 9], [21, 2, 22, 3], [4, 19, 5, 20], [6, 17, 7, 18], [8, 6, 9, 5], [10, 2, 11, 1], [3, 13, 4, 12], [14, 24, 15, 23], [16, 7, 17, 8], [18, 16, 19, 15]]"
12n_0612_reversed_516,"[[19, 17, 20, 16], [12, 22, 13, 21], [23, 15, 24, 14], [1, 11, 2, 10], [22, 3, 23, 4], [5, 20, 6, 21], [7, 18, 8, 19], [9, 7, 10, 6], [11, 3, 12, 2], [4, 14, 5, 13], [15, 1, 16, 24], [17, 8, 18, 9]]"
12n_0612_reversed_517,"[[17, 8, 18, 9], [19, 17, 20, 16], [12, 22, 13, 21], [23, 15, 24, 14], [1, 11, 2, 10], [22, 3, 23, 4], [5, 20, 6, 21], [7, 18, 8, 19], [9, 7, 10, 6], [11, 3, 12, 2], [4, 14, 5, 13], [15, 1, 16, 24]]"
12n_0612_reversed_518,"[[15, 1, 16, 24], [17, 8, 18, 9], [19, 17, 20, 16], [12, 22, 13, 21], [23, 15, 24, 14], [1, 11, 2, 10], [22, 3, 23, 4], [5, 20, 6, 21], [7, 18, 8, 19], [9, 7, 10, 6], [11, 3, 12, 2], [4, 14, 5, 13]]"
12n_0612_reversed_519,"[[4, 14, 5, 13], [15, 1, 16, 24], [17, 8, 18, 9], [19, 17, 20, 16], [12, 22, 13, 21], [23, 15, 24, 14], [1, 11, 2, 10], [22, 3, 23, 4], [5, 20, 6, 21], [7, 18, 8, 19], [9, 7, 10, 6], [11, 3, 12, 2]]"
12n_0612_reversed_520,"[[11, 3, 12, 2], [4, 14, 5, 13], [15, 1, 16, 24], [17, 8, 18, 9], [19, 17, 20, 16], [12, 22, 13, 21], [23, 15, 24, 14], [1, 11, 2, 10], [22, 3, 23, 4], [5, 20, 6, 21], [7, 18, 8, 19], [9, 7, 10, 6]]"
12n_0612_reversed_521,"[[9, 7, 10, 6], [11, 3, 12, 2], [4, 14, 5, 13], [15, 1, 16, 24], [17, 8, 18, 9], [19, 17, 20, 16], [12, 22, 13, 21], [23, 15, 24, 14], [1, 11, 2, 10], [22, 3, 23, 4], [5, 20, 6, 21], [7, 18, 8, 19]]"
12n_0612_reversed_522,"[[7, 18, 8, 19], [9, 7, 10, 6], [11, 3, 12, 2], [4, 14, 5, 13], [15, 1, 16, 24], [17, 8, 18, 9], [19, 17, 20, 16], [12, 22, 13, 21], [23, 15, 24, 14], [1, 11, 2, 10], [22, 3, 23, 4], [5, 20, 6, 21]]"
12n_0612_reversed_523,"[[5, 20, 6, 21], [7, 18, 8, 19], [9, 7, 10, 6], [11, 3, 12, 2], [4, 14, 5, 13], [15, 1, 16, 24], [17, 8, 18, 9], [19, 17, 20, 16], [12, 22, 13, 21], [23, 15, 24, 14], [1, 11, 2, 10], [22, 3, 23, 4]]"
12n_0612_reversed_524,"[[22, 3, 23, 4], [5, 20, 6, 21], [7, 18, 8, 19], [9, 7, 10, 6], [11, 3, 12, 2], [4, 14, 5, 13], [15, 1, 16, 24], [17, 8, 18, 9], [19, 17, 20, 16], [12, 22, 13, 21], [23, 15, 24, 14], [1, 11, 2, 10]]"
12n_0612_reversed_525,"[[1, 11, 2, 10], [22, 3, 23, 4], [5, 20, 6, 21], [7, 18, 8, 19], [9, 7, 10, 6], [11, 3, 12, 2], [4, 14, 5, 13], [15, 1, 16, 24], [17, 8, 18, 9], [19, 17, 20, 16], [12, 22, 13, 21], [23, 15, 24, 14]]"
12n_0612_reversed_526,"[[23, 15, 24, 14], [1, 11, 2, 10], [22, 3, 23, 4], [5, 20, 6, 21], [7, 18, 8, 19], [9, 7, 10, 6], [11, 3, 12, 2], [4, 14, 5, 13], [15, 1, 16, 24], [17, 8, 18, 9], [19, 17, 20, 16], [12, 22, 13, 21]]"
12n_0612_reversed_527,"[[12, 22, 13, 21], [23, 15, 24, 14], [1, 11, 2, 10], [22, 3, 23, 4], [5, 20, 6, 21], [7, 18, 8, 19], [9, 7, 10, 6], [11, 3, 12, 2], [4, 14, 5, 13], [15, 1, 16, 24], [17, 8, 18, 9], [19, 17, 20, 16]]"
12n_0612_reversed_528,"[[20, 18, 21, 17], [13, 23, 14, 22], [24, 16, 1, 15], [2, 12, 3, 11], [23, 4, 24, 5], [6, 21, 7, 22], [8, 19, 9, 20], [10, 8, 11, 7], [12, 4, 13, 3], [5, 15, 6, 14], [16, 2, 17, 1], [18, 9, 19, 10]]"
12n_0612_reversed_529,"[[18, 9, 19, 10], [20, 18, 21, 17], [13, 23, 14, 22], [24, 16, 1, 15], [2, 12, 3, 11], [23, 4, 24, 5], [6, 21, 7, 22], [8, 19, 9, 20], [10, 8, 11, 7], [12, 4, 13, 3], [5, 15, 6, 14], [16, 2, 17, 1]]"
12n_0612_reversed_530,"[[16, 2, 17, 1], [18, 9, 19, 10], [20, 18, 21, 17], [13, 23, 14, 22], [24, 16, 1, 15], [2, 12, 3, 11], [23, 4, 24, 5], [6, 21, 7, 22], [8, 19, 9, 20], [10, 8, 11, 7], [12, 4, 13, 3], [5, 15, 6, 14]]"
12n_0612_reversed_531,"[[5, 15, 6, 14], [16, 2, 17, 1], [18, 9, 19, 10], [20, 18, 21, 17], [13, 23, 14, 22], [24, 16, 1, 15], [2, 12, 3, 11], [23, 4, 24, 5], [6, 21, 7, 22], [8, 19, 9, 20], [10, 8, 11, 7], [12, 4, 13, 3]]"
12n_0612_reversed_532,"[[12, 4, 13, 3], [5, 15, 6, 14], [16, 2, 17, 1], [18, 9, 19, 10], [20, 18, 21, 17], [13, 23, 14, 22], [24, 16, 1, 15], [2, 12, 3, 11], [23, 4, 24, 5], [6, 21, 7, 22], [8, 19, 9, 20], [10, 8, 11, 7]]"
12n_0612_reversed_533,"[[10, 8, 11, 7], [12, 4, 13, 3], [5, 15, 6, 14], [16, 2, 17, 1], [18, 9, 19, 10], [20, 18, 21, 17], [13, 23, 14, 22], [24, 16, 1, 15], [2, 12, 3, 11], [23, 4, 24, 5], [6, 21, 7, 22], [8, 19, 9, 20]]"
12n_0612_reversed_534,"[[8, 19, 9, 20], [10, 8, 11, 7], [12, 4, 13, 3], [5, 15, 6, 14], [16, 2, 17, 1], [18, 9, 19, 10], [20, 18, 21, 17], [13, 23, 14, 22], [24, 16, 1, 15], [2, 12, 3, 11], [23, 4, 24, 5], [6, 21, 7, 22]]"
12n_0612_reversed_535,"[[6, 21, 7, 22], [8, 19, 9, 20], [10, 8, 11, 7], [12, 4, 13, 3], [5, 15, 6, 14], [16, 2, 17, 1], [18, 9, 19, 10], [20, 18, 21, 17], [13, 23, 14, 22], [24, 16, 1, 15], [2, 12, 3, 11], [23, 4, 24, 5]]"
12n_0612_reversed_536,"[[23, 4, 24, 5], [6, 21, 7, 22], [8, 19, 9, 20], [10, 8, 11, 7], [12, 4, 13, 3], [5, 15, 6, 14], [16, 2, 17, 1], [18, 9, 19, 10], [20, 18, 21, 17], [13, 23, 14, 22], [24, 16, 1, 15], [2, 12, 3, 11]]"
12n_0612_reversed_537,"[[2, 12, 3, 11], [23, 4, 24, 5], [6, 21, 7, 22], [8, 19, 9, 20], [10, 8, 11, 7], [12, 4, 13, 3], [5, 15, 6, 14], [16, 2, 17, 1], [18, 9, 19, 10], [20, 18, 21, 17], [13, 23, 14, 22], [24, 16, 1, 15]]"
12n_0612_reversed_538,"[[24, 16, 1, 15], [2, 12, 3, 11], [23, 4, 24, 5], [6, 21, 7, 22], [8, 19, 9, 20], [10, 8, 11, 7], [12, 4, 13, 3], [5, 15, 6, 14], [16, 2, 17, 1], [18, 9, 19, 10], [20, 18, 21, 17], [13, 23, 14, 22]]"
12n_0612_reversed_539,"[[13, 23, 14, 22], [24, 16, 1, 15], [2, 12, 3, 11], [23, 4, 24, 5], [6, 21, 7, 22], [8, 19, 9, 20], [10, 8, 11, 7], [12, 4, 13, 3], [5, 15, 6, 14], [16, 2, 17, 1], [18, 9, 19, 10], [20, 18, 21, 17]]"
12n_0612_reversed_540,"[[21, 19, 22, 18], [14, 24, 15, 23], [1, 17, 2, 16], [3, 13, 4, 12], [24, 5, 1, 6], [7, 22, 8, 23], [9, 20, 10, 21], [11, 9, 12, 8], [13, 5, 14, 4], [6, 16, 7, 15], [17, 3, 18, 2], [19, 10, 20, 11]]"
12n_0612_reversed_541,"[[19, 10, 20, 11], [21, 19, 22, 18], [14, 24, 15, 23], [1, 17, 2, 16], [3, 13, 4, 12], [24, 5, 1, 6], [7, 22, 8, 23], [9, 20, 10, 21], [11, 9, 12, 8], [13, 5, 14, 4], [6, 16, 7, 15], [17, 3, 18, 2]]"
12n_0612_reversed_542,"[[17, 3, 18, 2], [19, 10, 20, 11], [21, 19, 22, 18], [14, 24, 15, 23], [1, 17, 2, 16], [3, 13, 4, 12], [24, 5, 1, 6], [7, 22, 8, 23], [9, 20, 10, 21], [11, 9, 12, 8], [13, 5, 14, 4], [6, 16, 7, 15]]"
12n_0612_reversed_543,"[[6, 16, 7, 15], [17, 3, 18, 2], [19, 10, 20, 11], [21, 19, 22, 18], [14, 24, 15, 23], [1, 17, 2, 16], [3, 13, 4, 12], [24, 5, 1, 6], [7, 22, 8, 23], [9, 20, 10, 21], [11, 9, 12, 8], [13, 5, 14, 4]]"
12n_0612_reversed_544,"[[13, 5, 14, 4], [6, 16, 7, 15], [17, 3, 18, 2], [19, 10, 20, 11], [21, 19, 22, 18], [14, 24, 15, 23], [1, 17, 2, 16], [3, 13, 4, 12], [24, 5, 1, 6], [7, 22, 8, 23], [9, 20, 10, 21], [11, 9, 12, 8]]"
12n_0612_reversed_545,"[[11, 9, 12, 8], [13, 5, 14, 4], [6, 16, 7, 15], [17, 3, 18, 2], [19, 10, 20, 11], [21, 19, 22, 18], [14, 24, 15, 23], [1, 17, 2, 16], [3, 13, 4, 12], [24, 5, 1, 6], [7, 22, 8, 23], [9, 20, 10, 21]]"
12n_0612_reversed_546,"[[9, 20, 10, 21], [11, 9, 12, 8], [13, 5, 14, 4], [6, 16, 7, 15], [17, 3, 18, 2], [19, 10, 20, 11], [21, 19, 22, 18], [14, 24, 15, 23], [1, 17, 2, 16], [3, 13, 4, 12], [24, 5, 1, 6], [7, 22, 8, 23]]"
12n_0612_reversed_547,"[[7, 22, 8, 23], [9, 20, 10, 21], [11, 9, 12, 8], [13, 5, 14, 4], [6, 16, 7, 15], [17, 3, 18, 2], [19, 10, 20, 11], [21, 19, 22, 18], [14, 24, 15, 23], [1, 17, 2, 16], [3, 13, 4, 12], [24, 5, 1, 6]]"
12n_0612_reversed_548,"[[24, 5, 1, 6], [7, 22, 8, 23], [9, 20, 10, 21], [11, 9, 12, 8], [13, 5, 14, 4], [6, 16, 7, 15], [17, 3, 18, 2], [19, 10, 20, 11], [21, 19, 22, 18], [14, 24, 15, 23], [1, 17, 2, 16], [3, 13, 4, 12]]"
12n_0612_reversed_549,"[[3, 13, 4, 12], [24, 5, 1, 6], [7, 22, 8, 23], [9, 20, 10, 21], [11, 9, 12, 8], [13, 5, 14, 4], [6, 16, 7, 15], [17, 3, 18, 2], [19, 10, 20, 11], [21, 19, 22, 18], [14, 24, 15, 23], [1, 17, 2, 16]]"
12n_0612_reversed_550,"[[1, 17, 2, 16], [3, 13, 4, 12], [24, 5, 1, 6], [7, 22, 8, 23], [9, 20, 10, 21], [11, 9, 12, 8], [13, 5, 14, 4], [6, 16, 7, 15], [17, 3, 18, 2], [19, 10, 20, 11], [21, 19, 22, 18], [14, 24, 15, 23]]"
12n_0612_reversed_551,"[[14, 24, 15, 23], [1, 17, 2, 16], [3, 13, 4, 12], [24, 5, 1, 6], [7, 22, 8, 23], [9, 20, 10, 21], [11, 9, 12, 8], [13, 5, 14, 4], [6, 16, 7, 15], [17, 3, 18, 2], [19, 10, 20, 11], [21, 19, 22, 18]]"
12n_0612_reversed_552,"[[22, 20, 23, 19], [15, 1, 16, 24], [2, 18, 3, 17], [4, 14, 5, 13], [1, 6, 2, 7], [8, 23, 9, 24], [10, 21, 11, 22], [12, 10, 13, 9], [14, 6, 15, 5], [7, 17, 8, 16], [18, 4, 19, 3], [20, 11, 21, 12]]"
12n_0612_reversed_553,"[[20, 11, 21, 12], [22, 20, 23, 19], [15, 1, 16, 24], [2, 18, 3, 17], [4, 14, 5, 13], [1, 6, 2, 7], [8, 23, 9, 24], [10, 21, 11, 22], [12, 10, 13, 9], [14, 6, 15, 5], [7, 17, 8, 16], [18, 4, 19, 3]]"
12n_0612_reversed_554,"[[18, 4, 19, 3], [20, 11, 21, 12], [22, 20, 23, 19], [15, 1, 16, 24], [2, 18, 3, 17], [4, 14, 5, 13], [1, 6, 2, 7], [8, 23, 9, 24], [10, 21, 11, 22], [12, 10, 13, 9], [14, 6, 15, 5], [7, 17, 8, 16]]"
12n_0612_reversed_555,"[[7, 17, 8, 16], [18, 4, 19, 3], [20, 11, 21, 12], [22, 20, 23, 19], [15, 1, 16, 24], [2, 18, 3, 17], [4, 14, 5, 13], [1, 6, 2, 7], [8, 23, 9, 24], [10, 21, 11, 22], [12, 10, 13, 9], [14, 6, 15, 5]]"
12n_0612_reversed_556,"[[14, 6, 15, 5], [7, 17, 8, 16], [18, 4, 19, 3], [20, 11, 21, 12], [22, 20, 23, 19], [15, 1, 16, 24], [2, 18, 3, 17], [4, 14, 5, 13], [1, 6, 2, 7], [8, 23, 9, 24], [10, 21, 11, 22], [12, 10, 13, 9]]"
12n_0612_reversed_557,"[[12, 10, 13, 9], [14, 6, 15, 5], [7, 17, 8, 16], [18, 4, 19, 3], [20, 11, 21, 12], [22, 20, 23, 19], [15, 1, 16, 24], [2, 18, 3, 17], [4, 14, 5, 13], [1, 6, 2, 7], [8, 23, 9, 24], [10, 21, 11, 22]]"
12n_0612_reversed_558,"[[10, 21, 11, 22], [12, 10, 13, 9], [14, 6, 15, 5], [7, 17, 8, 16], [18, 4, 19, 3], [20, 11, 21, 12], [22, 20, 23, 19], [15, 1, 16, 24], [2, 18, 3, 17], [4, 14, 5, 13], [1, 6, 2, 7], [8, 23, 9, 24]]"
12n_0612_reversed_559,"[[8, 23, 9, 24], [10, 21, 11, 22], [12, 10, 13, 9], [14, 6, 15, 5], [7, 17, 8, 16], [18, 4, 19, 3], [20, 11, 21, 12], [22, 20, 23, 19], [15, 1, 16, 24], [2, 18, 3, 17], [4, 14, 5, 13], [1, 6, 2, 7]]"
12n_0612_reversed_560,"[[1, 6, 2, 7], [8, 23, 9, 24], [10, 21, 11, 22], [12, 10, 13, 9], [14, 6, 15, 5], [7, 17, 8, 16], [18, 4, 19, 3], [20, 11, 21, 12], [22, 20, 23, 19], [15, 1, 16, 24], [2, 18, 3, 17], [4, 14, 5, 13]]"
12n_0612_reversed_561,"[[4, 14, 5, 13], [1, 6, 2, 7], [8, 23, 9, 24], [10, 21, 11, 22], [12, 10, 13, 9], [14, 6, 15, 5], [7, 17, 8, 16], [18, 4, 19, 3], [20, 11, 21, 12], [22, 20, 23, 19], [15, 1, 16, 24], [2, 18, 3, 17]]"
12n_0612_reversed_562,"[[2, 18, 3, 17], [4, 14, 5, 13], [1, 6, 2, 7], [8, 23, 9, 24], [10, 21, 11, 22], [12, 10, 13, 9], [14, 6, 15, 5], [7, 17, 8, 16], [18, 4, 19, 3], [20, 11, 21, 12], [22, 20, 23, 19], [15, 1, 16, 24]]"
12n_0612_reversed_563,"[[15, 1, 16, 24], [2, 18, 3, 17], [4, 14, 5, 13], [1, 6, 2, 7], [8, 23, 9, 24], [10, 21, 11, 22], [12, 10, 13, 9], [14, 6, 15, 5], [7, 17, 8, 16], [18, 4, 19, 3], [20, 11, 21, 12], [22, 20, 23, 19]]"
12n_0612_reversed_564,"[[23, 21, 24, 20], [16, 2, 17, 1], [3, 19, 4, 18], [5, 15, 6, 14], [2, 7, 3, 8], [9, 24, 10, 1], [11, 22, 12, 23], [13, 11, 14, 10], [15, 7, 16, 6], [8, 18, 9, 17], [19, 5, 20, 4], [21, 12, 22, 13]]"
12n_0612_reversed_565,"[[21, 12, 22, 13], [23, 21, 24, 20], [16, 2, 17, 1], [3, 19, 4, 18], [5, 15, 6, 14], [2, 7, 3, 8], [9, 24, 10, 1], [11, 22, 12, 23], [13, 11, 14, 10], [15, 7, 16, 6], [8, 18, 9, 17], [19, 5, 20, 4]]"
12n_0612_reversed_566,"[[19, 5, 20, 4], [21, 12, 22, 13], [23, 21, 24, 20], [16, 2, 17, 1], [3, 19, 4, 18], [5, 15, 6, 14], [2, 7, 3, 8], [9, 24, 10, 1], [11, 22, 12, 23], [13, 11, 14, 10], [15, 7, 16, 6], [8, 18, 9, 17]]"
12n_0612_reversed_567,"[[8, 18, 9, 17], [19, 5, 20, 4], [21, 12, 22, 13], [23, 21, 24, 20], [16, 2, 17, 1], [3, 19, 4, 18], [5, 15, 6, 14], [2, 7, 3, 8], [9, 24, 10, 1], [11, 22, 12, 23], [13, 11, 14, 10], [15, 7, 16, 6]]"
12n_0612_reversed_568,"[[15, 7, 16, 6], [8, 18, 9, 17], [19, 5, 20, 4], [21, 12, 22, 13], [23, 21, 24, 20], [16, 2, 17, 1], [3, 19, 4, 18], [5, 15, 6, 14], [2, 7, 3, 8], [9, 24, 10, 1], [11, 22, 12, 23], [13, 11, 14, 10]]"
12n_0612_reversed_569,"[[13, 11, 14, 10], [15, 7, 16, 6], [8, 18, 9, 17], [19, 5, 20, 4], [21, 12, 22, 13], [23, 21, 24, 20], [16, 2, 17, 1], [3, 19, 4, 18], [5, 15, 6, 14], [2, 7, 3, 8], [9, 24, 10, 1], [11, 22, 12, 23]]"
12n_0612_reversed_570,"[[11, 22, 12, 23], [13, 11, 14, 10], [15, 7, 16, 6], [8, 18, 9, 17], [19, 5, 20, 4], [21, 12, 22, 13], [23, 21, 24, 20], [16, 2, 17, 1], [3, 19, 4, 18], [5, 15, 6, 14], [2, 7, 3, 8], [9, 24, 10, 1]]"
12n_0612_reversed_571,"[[9, 24, 10, 1], [11, 22, 12, 23], [13, 11, 14, 10], [15, 7, 16, 6], [8, 18, 9, 17], [19, 5, 20, 4], [21, 12, 22, 13], [23, 21, 24, 20], [16, 2, 17, 1], [3, 19, 4, 18], [5, 15, 6, 14], [2, 7, 3, 8]]"
12n_0612_reversed_572,"[[2, 7, 3, 8], [9, 24, 10, 1], [11, 22, 12, 23], [13, 11, 14, 10], [15, 7, 16, 6], [8, 18, 9, 17], [19, 5, 20, 4], [21, 12, 22, 13], [23, 21, 24, 20], [16, 2, 17, 1], [3, 19, 4, 18], [5, 15, 6, 14]]"
12n_0612_reversed_573,"[[5, 15, 6, 14], [2, 7, 3, 8], [9, 24, 10, 1], [11, 22, 12, 23], [13, 11, 14, 10], [15, 7, 16, 6], [8, 18, 9, 17], [19, 5, 20, 4], [21, 12, 22, 13], [23, 21, 24, 20], [16, 2, 17, 1], [3, 19, 4, 18]]"
12n_0612_reversed_574,"[[3, 19, 4, 18], [5, 15, 6, 14], [2, 7, 3, 8], [9, 24, 10, 1], [11, 22, 12, 23], [13, 11, 14, 10], [15, 7, 16, 6], [8, 18, 9, 17], [19, 5, 20, 4], [21, 12, 22, 13], [23, 21, 24, 20], [16, 2, 17, 1]]"
12n_0612_reversed_575,"[[16, 2, 17, 1], [3, 19, 4, 18], [5, 15, 6, 14], [2, 7, 3, 8], [9, 24, 10, 1], [11, 22, 12, 23], [13, 11, 14, 10], [15, 7, 16, 6], [8, 18, 9, 17], [19, 5, 20, 4], [21, 12, 22, 13], [23, 21, 24, 20]]"
